0.23898455500602722;5.34293270111084;0.46135520935058594
0.3723110854625702;7.059449195861816;3.4626212120056152
0.8459503054618835;9.07779312133789;1.8071799278259277
0.7949666976928711;9.980484962463379;-1.3413317203521729
0.06774228811264038;9.41627025604248;-0.7044439315795898
0.28256165981292725;6.950294494628906;2.729466438293457
0.7062273025512695;4.379910469055176;3.5124659538269043
-0.9915841221809387;1.4235591888427734;1.9887275695800781
-0.2399512082338333;-1.1718897819519043;1.5906124114990234
0.47769731283187866;-3.496860980987549;1.3366127014160156
0.2725093960762024;-4.993896484375;-0.16919708251953125
0.40934595465660095;-5.974624156951904;-1.5602030754089355
-0.25022417306900024;-7.019010066986084;-3.91542649269104
0.9164133667945862;-8.60715389251709;-5.0156426429748535
1.3738555908203125;-9.153619766235352;-4.114602088928223
-0.12865151464939117;-7.508648872375488;-2.8628456592559814
0.8520032167434692;-6.756244659423828;-1.228362798690796
0.9945622682571411;-4.686410427093506;-1.0866868495941162
0.08645987510681152;1.4463434219360352;-3.2143495082855225
-0.911357045173645;6.299666404724121;0.8492856025695801
-0.7826593518257141;8.646580696105957;3.614576816558838
-0.9237161874771118;10.47571849822998;1.3226361274719238
-2.4939591884613037;10.731498718261719;-2.1414334774017334
-2.8919382095336914;9.49710750579834;-1.5911765098571777
-1.6705294847488403;6.604910850524902;4.974290370941162
-0.5793257355690002;2.600949287414551;5.884771823883057
1.1619737148284912;-0.45514869689941406;1.961785078048706
1.0753509998321533;-3.3386945724487305;0.23958635330200195
1.987433671951294;-5.007168769836426;-0.14278650283813477
1.4585963487625122;-6.5853118896484375;0.3054790496826172
0.20215222239494324;-7.416507244110107;-1.1950435638427734
-0.6146437525749207;-7.7265825271606445;-2.8026981353759766
-0.1791384220123291;-7.425047874450684;-3.5016822814941406
0.7182827591896057;-7.091042518615723;-3.045318841934204
0.06370119750499725;-6.414184093475342;-1.8160399198532104
-0.6380454301834106;-4.926563262939453;-0.07319378852844238
-1.7341128587722778;-0.632786750793457;-1.0878746509552002
-1.1436270475387573;5.062479019165039;-2.3893699645996094
2.432621479034424;8.747563362121582;0.4173545837402344
1.3534727096557617;7.888835906982422;5.5180983543396
0.08428835868835449;8.26846981048584;3.5161831378936768
-1.167154312133789;9.483589172363281;-0.8033230304718018
-1.2833271026611328;8.398895263671875;0.329944372177124
-0.02445465326309204;6.205759048461914;3.582224130630493
1.3268290758132935;3.3966150283813477;3.9549639225006104
2.100644826889038;-0.1402120590209961;2.8669888973236084
2.2388250827789307;-2.5798888206481934;1.014805555343628
1.597562551498413;-4.6028923988342285;-1.2037336826324463
1.0985431671142578;-6.338808059692383;-2.218860149383545
0.7915026545524597;-7.277853012084961;-2.661068916320801
0.46349668502807617;-7.59685754776001;-3.533534526824951
-0.11412220448255539;-7.480993270874023;-4.286144256591797
-0.2323911488056183;-7.112316131591797;-3.3879199028015137
-0.4061046242713928;-5.987332344055176;-1.670874834060669
-1.1403789520263672;-4.264928340911865;-0.029682636260986328
-1.4186426401138306;-1.3116884231567383;0.7958498001098633
-1.8036565780639648;3.2336978912353516;-1.0521626472473145
-0.4399317800998688;6.524435043334961;-0.15154647827148438
0.07206541299819946;7.279884338378906;2.6341781616210938
-0.7799373269081116;7.760117530822754;2.256838321685791
-2.0727102756500244;8.208662986755371;0.6917288303375244
-1.1138018369674683;8.944286346435547;0.4517080783843994
1.3877274990081787;6.568155288696289;2.9954521656036377
1.7568907737731934;2.2258901596069336;4.503116607666016
1.5013902187347412;-0.9229497909545898;3.4410505294799805
1.1733571290969849;-3.11824369430542;0.2219371795654297
1.2987576723098755;-4.736771583557129;-1.4022958278656006
1.0838305950164795;-6.092935562133789;-0.8205912113189697
0.69529128074646;-7.067424774169922;-1.6692461967468262
-0.033624403178691864;-8.177268028259277;-2.441293716430664
0.08354643732309341;-7.777616500854492;-3.869518995285034
0.30025553703308105;-7.507937431335449;-3.2266411781311035
1.0744913816452026;-6.54770565032959;-2.782118558883667
0.9786258935928345;-5.0041728019714355;-0.5845530033111572
-2.084178924560547;-1.4456896781921387;-0.2809896469116211
-2.644996404647827;3.44219970703125;-0.5510761737823486
0.12327903509140015;9.969573974609375;0.45864152908325195
0.2488631159067154;10.609821319580078;2.04172945022583
-0.7718059420585632;10.593500137329102;1.3646752834320068
-0.754560649394989;10.688573837280273;2.89874267578125
0.20930400490760803;9.470368385314941;7.264224052429199
0.6990389823913574;6.726376533508301;6.591797351837158
1.6722174882888794;3.3296022415161133;4.112702369689941
1.329034447669983;0.17260456085205078;1.1533870697021484
0.8848090171813965;-2.704118251800537;-0.474698543548584
0.29715946316719055;-5.120258331298828;-0.9463610649108887
-0.09253260493278503;-7.831001281738281;-1.5356509685516357
-0.4668269455432892;-9.450606346130371;-1.9029500484466553
-0.9983972907066345;-10.873712539672852;-2.781559467315674
-1.4386082887649536;-9.852174758911133;-2.6542086601257324
-0.2963438332080841;-10.632472038269043;-3.1696581840515137
-0.3108566403388977;-10.968860626220703;-4.491829872131348
-0.42032474279403687;-7.711302757263184;-1.4338949918746948
0.5929925441741943;-5.57391357421875;0.3893449306488037
0.2653217911720276;3.0523595809936523;-2.1633880138397217
1.4772286415100098;9.805023193359375;3.4030685424804688
1.8408122062683105;11.160483360290527;7.485637187957764
-0.957757830619812;11.155360221862793;3.2173542976379395
-1.7071216106414795;11.15878677368164;-0.3466038703918457
0.6923641562461853;11.230740547180176;1.9997797012329102
3.718430280685425;11.31793212890625;5.690149784088135
2.653658866882324;5.034780502319336;4.038987159729004
1.2978692054748535;-0.07007598876953125;0.26959943771362305
0.8119745254516602;-4.669190406799316;-1.8096485137939453
0.2667360305786133;-8.675121307373047;-2.160006046295166
-0.6647957563400269;-10.478853225708008;-2.3682360649108887
-1.787432074546814;-11.882505416870117;-3.1807425022125244
-2.014090061187744;-11.910682678222656;-3.9668076038360596
-1.6418770551681519;-11.072021484375;-4.266616344451904
-0.9414689540863037;-9.995979309082031;-4.455263137817383
-0.6043757796287537;-9.10175609588623;-3.3861379623413086
-0.5363695621490479;-7.935468673706055;-2.541335105895996
0.028079256415367126;-5.546031951904297;-1.2687053680419922
0.2426917552947998;0.7290830612182617;-0.25853824615478516
0.47579994797706604;7.567035675048828;1.42193603515625
0.4280918836593628;11.071297645568848;2.826359272003174
-1.941444754600525;11.081660270690918;3.5154404640197754
-4.324267864227295;11.126969337463379;1.4852757453918457
-2.5352158546447754;11.250926971435547;1.320298194885254
1.0070433616638184;11.57320499420166;6.108091831207275
1.5568361282348633;7.699739456176758;7.157057285308838
2.5791800022125244;2.201303482055664;5.938525676727295
1.9527791738510132;-2.154216766357422;2.1661319732666016
1.443763256072998;-5.123274803161621;-1.3445231914520264
1.1133619546890259;-7.471464157104492;-3.874073028564453
-0.042141690850257874;-10.266242980957031;-4.288905620574951
-1.4978505373001099;-12.046871185302734;-4.505784511566162
-2.4651241302490234;-12.356697082519531;-5.501745223999023
-1.9000422954559326;-11.230220794677734;-6.299297332763672
-0.6952613592147827;-10.078546524047852;-4.026115417480469
-0.36352819204330444;-8.707076072692871;-1.5774424076080322
-0.3775917887687683;-4.851984024047852;-0.09101152420043945
0.759053111076355;1.9691410064697266;-0.07554340362548828
1.0610764026641846;9.761821746826172;0.09043025970458984
-0.8987897634506226;11.581277847290039;0.594355583190918
-2.93794846534729;11.716896057128906;0.2889695167541504
-1.546689510345459;11.980899810791016;4.006977081298828
1.2495286464691162;10.999454498291016;10.294120788574219
3.4785962104797363;7.576182842254639;10.370787620544434
3.3058395385742188;2.971024513244629;7.921286582946777
2.206906318664551;-0.35208654403686523;2.7809934616088867
1.1408898830413818;-3.620157241821289;0.30687570571899414
0.5094713568687439;-6.286065578460693;-1.0131573677062988
0.39755499362945557;-8.164544105529785;-2.7924094200134277
0.22051498293876648;-9.16566276550293;-4.683316707611084
0.07057517766952515;-9.846060752868652;-5.782641410827637
0.2121376097202301;-10.69349479675293;-5.427089691162109
-0.3586699366569519;-11.021032333374023;-3.7072527408599854
-0.39254501461982727;-10.111516952514648;-1.9675862789154053
-0.4336044490337372;-6.2933197021484375;-1.8658828735351563
-2.3662476539611816;0.7034897804260254;-3.820824384689331
-0.9305854439735413;6.899877548217773;-1.4576144218444824
-0.49511635303497314;11.977238655090332;-0.32056236267089844
-3.5453035831451416;12.037443161010742;0.03925895690917969
-3.457628011703491;12.248551368713379;1.1667499542236328
-1.9706538915634155;12.789241790771484;6.586212158203125
-0.2485235035419464;8.056978225708008;11.09742546081543
1.6554607152938843;4.549217224121094;8.257726669311523
3.6151621341705322;-0.10907268524169922;3.8774704933166504
3.537405014038086;-2.858210563659668;-0.41884899139404297
2.3681797981262207;-6.226701736450195;-2.1104736328125
1.33240807056427;-8.846467971801758;-2.504115104675293
0.41382133960723877;-10.901449203491211;-2.5220587253570557
-0.44190555810928345;-11.504161834716797;-4.4961466789245605
-0.7544307112693787;-11.374698638916016;-5.749095439910889
-0.9905895590782166;-10.62230396270752;-4.994446277618408
-0.5779112577438354;-8.767255783081055;-3.5346879959106445
-1.1866273880004883;-5.313023567199707;-3.018914222717285
-1.8768106698989868;1.8505897521972656;-4.443869590759277
1.082441806793213;10.71656322479248;-2.0647945404052734
0.7900599837303162;12.568390846252441;0.4958028793334961
-1.9596794843673706;12.69670295715332;1.9421639442443848
-2.7396950721740723;12.908687591552734;2.471282958984375
-1.2491859197616577;12.360006332397461;5.660280227661133
1.546718716621399;8.098979949951172;9.856865882873535
4.061459541320801;5.01593542098999;7.341762065887451
4.802288055419922;1.271552562713623;3.787506103515625
4.084702491760254;-1.9431099891662598;-0.39246177673339844
1.7256735563278198;-5.984869480133057;-2.438051223754883
0.13786561787128448;-9.225865364074707;-3.291388750076294
-0.03313654661178589;-11.079463005065918;-3.303699016571045
0.23988808691501617;-12.067631721496582;-4.305133819580078
0.05067455768585205;-12.143658638000488;-6.101219177246094
-0.32209616899490356;-11.996275901794434;-6.302356719970703
-0.5998409986495972;-10.530563354492188;-5.050220489501953
-1.2561994791030884;-7.712130546569824;-4.919220924377441
-1.9804686307907104;-1.579963207244873;-7.630498886108398
-0.4185197353363037;3.743433952331543;-4.349055767059326
2.1409621238708496;10.175479888916016;-1.325202465057373
0.8216297030448914;11.733951568603516;2.309406280517578
-2.1671268939971924;11.980096817016602;2.9925074577331543
-1.0614590644836426;12.35971450805664;3.7821903228759766
1.157957911491394;11.77981185913086;8.205944061279297
2.1629812717437744;6.580646991729736;9.376338005065918
3.1637144088745117;2.2957839965820313;7.902406692504883
3.2530357837677;-0.017360210418701172;2.6876721382141113
1.6592743396759033;-2.972642421722412;-0.31463193893432617
-0.10271336138248444;-5.984124183654785;-1.3325538635253906
-0.5826821327209473;-7.979823112487793;-1.7473373413085938
-0.35878628492355347;-8.68233871459961;-2.0697152614593506
-0.2078019082546234;-9.06295394897461;-3.57397198677063
-0.22848378121852875;-8.930703163146973;-5.117462635040283
-0.16697248816490173;-9.054533958435059;-5.588228225708008
-0.18683308362960815;-8.650155067443848;-4.126788139343262
0.021664977073669434;-7.782230377197266;-2.09662127494812
-0.6174976825714111;-4.422794342041016;-2.2298765182495117
-2.322051763534546;1.5336995124816895;-3.965916633605957
-0.5946437120437622;7.013165473937988;0.9886059761047363
1.199202537536621;10.722015380859375;5.235235691070557
-0.19343578815460205;10.588115692138672;6.118858814239502
-1.475449562072754;10.79068374633789;5.923279285430908
-1.000380039215088;10.086254119873047;7.403135776519775
1.334655523300171;6.771207809448242;7.799520492553711
2.7684242725372314;2.6777963638305664;6.033311367034912
3.917736291885376;0.8311076164245605;1.7729334831237793
3.992194414138794;-1.4737472534179688;-0.7783985137939453
2.753769874572754;-3.624638795852661;-0.9354262351989746
1.5727910995483398;-5.546978950500488;-1.0550613403320313
0.8309571743011475;-6.925139427185059;-1.7135066986083984
0.29747897386550903;-7.916187286376953;-3.3565967082977295
-0.1506260633468628;-8.5100736618042;-5.3371782302856445
-0.6922972202301025;-8.863056182861328;-6.21894645690918
-1.4203121662139893;-9.076133728027344;-5.984708786010742
-2.3199639320373535;-8.432120323181152;-4.736274242401123
-2.949815273284912;-5.5338826179504395;-4.136147499084473
-2.8420000076293945;1.217663288116455;-4.633369445800781
0.851718544960022;7.808002471923828;1.3053169250488281
1.8741289377212524;9.587483406066895;5.042549133300781
-0.49910104274749756;9.851234436035156;6.322604656219482
-1.8189853429794312;8.004556655883789;11.110995292663574
-1.4824528694152832;4.866611480712891;10.8818941116333
-0.6263464689254761;1.3303871154785156;8.396820068359375
0.8675009608268738;-0.5257015228271484;5.234398365020752
2.2437031269073486;-1.1097989082336426;3.1313891410827637
2.4683172702789307;-1.6265301704406738;1.1605205535888672
1.916194200515747;-2.556044101715088;-0.7426247596740723
1.2696683406829834;-3.270456314086914;-2.5117831230163574
1.238964319229126;-4.217411994934082;-3.743318557739258
1.5345903635025024;-4.592103958129883;-4.907114028930664
1.3898162841796875;-4.803060531616211;-4.822317123413086
0.5871613025665283;-4.909219741821289;-3.9477999210357666
0.3326818346977234;-4.166141986846924;-2.0366415977478027
-0.5373263955116272;-1.121793270111084;-1.311500072479248
-0.424690306186676;1.7372565269470215;0.1060781478881836
0.9655193090438843;4.757706642150879;2.844482898712158
1.845312476158142;6.420913219451904;3.1108431816101074
1.4947422742843628;7.052315711975098;2.353372573852539
0.44519495964050293;6.490776538848877;2.1793313026428223
-0.1951999068260193;4.8475422859191895;5.430352687835693
0.9528534412384033;1.7362804412841797;8.449657440185547
3.8255085945129395;1.3766403198242188;6.090746879577637
3.6825709342956543;1.5540218353271484;1.0008091926574707
1.7767972946166992;0.23453140258789063;-1.855133056640625
-0.23164021968841553;-1.6517877578735352;-2.799471855163574
-1.3302589654922485;-3.2041115760803223;-3.0956268310546875
-1.4926382303237915;-4.378828525543213;-3.3533966541290283
-1.2486956119537354;-4.8291826248168945;-4.251593589782715
-0.2930605411529541;-4.841479301452637;-5.650057792663574
0.20552992820739746;-4.961862564086914;-5.23277473449707
-0.13789892196655273;-5.286992073059082;-3.644069194793701
-1.059828281402588;-4.766829490661621;-1.9989380836486816
-2.709928274154663;-1.1593008041381836;-2.312539577484131
-3.5977516174316406;2.7907094955444336;-2.5593271255493164
-1.0573489665985107;6.489193439483643;-0.07590484619140625
0.9166229963302612;7.332916736602783;2.7635340690612793
0.21170616149902344;6.298022270202637;5.596610069274902
-0.6570355892181396;6.253464698791504;7.264772891998291
-0.5691012740135193;6.321249961853027;6.985797882080078
0.7335551381111145;4.753039360046387;5.803525447845459
2.122709274291992;2.805753707885742;3.1904053688049316
1.6096447706222534;0.26921749114990234;1.1973376274108887
0.23105216026306152;-1.817277431488037;0.22137784957885742
0.3245464563369751;-3.2719666957855225;-0.4557318687438965
0.8801670074462891;-3.8511557579040527;-1.836404800415039
0.940348744392395;-4.503253936767578;-3.0700979232788086
0.7231301069259644;-5.2256293296813965;-3.5449466705322266
0.6565662622451782;-5.68117094039917;-3.905660629272461
0.8971475958824158;-5.454237937927246;-3.990831136703491
-0.08208149671554565;-4.5800395011901855;-1.5815887451171875
-2.5278167724609375;-2.0338315963745117;-1.8191676139831543
-1.0918456315994263;1.5252571105957031;-1.5325350761413574
0.7677218914031982;5.755856037139893;-0.9923505783081055
-0.09510409832000732;6.538794994354248;-0.9702835083007813
-1.7055270671844482;7.2347412109375;-0.8949847221374512
-0.7629071474075317;6.982184410095215;0.553947925567627
0.5418784022331238;6.252801895141602;2.7888073921203613
2.987194776535034;3.42783260345459;4.386434078216553
3.7330503463745117;0.1742229461669922;3.233804225921631
0.8253262042999268;-2.0604448318481445;2.0189285278320313
-0.7107575535774231;-2.952333927154541;0.9283943176269531
-0.025099873542785645;-2.9489126205444336;-0.5283026695251465
0.3398113250732422;-3.2891178131103516;-1.6463861465454102
0.8296641111373901;-3.4194517135620117;-1.9682750701904297
0.3859015703201294;-4.45567512512207;-2.0366580486297607
0.31527888774871826;-4.8007636070251465;-2.3543031215667725
0.1841977834701538;-4.90582799911499;-2.4963531494140625
-0.43825268745422363;-4.066014289855957;-0.9712128639221191
-1.5059179067611694;-3.1586968898773193;0.04224681854248047
-1.8218600749969482;-1.4155011177062988;-0.7490005493164063
-2.214785099029541;2.121079921722412;-0.5231609344482422
-0.029627323150634766;3.6116271018981934;0.518977165222168
-0.7735264301300049;3.9818572998046875;2.354152202606201
-1.6183993816375732;3.956234931945801;2.470226764678955
-3.7217493057250977;4.374166488647461;1.342780590057373
-1.8634660243988037;2.207768440246582;2.068603992462158
-0.17496290802955627;-1.6084504127502441;4.5541205406188965
-0.888884961605072;-4.288982391357422;6.811863422393799
-3.8268954753875732;-5.6004767417907715;6.178216457366943
-4.096309185028076;-4.184998512268066;2.1829423904418945
-1.8967374563217163;-2.6788296699523926;-1.1467409133911133
-0.23317182064056396;-2.2013931274414063;-3.211235523223877
0.9991916418075562;-2.655014753341675;-3.4076380729675293
1.601418137550354;-3.235874652862549;-3.2470173835754395
0.9701111316680908;-4.388068199157715;-3.0914907455444336
-0.09544423222541809;-4.638072967529297;-3.494922637939453
-1.3294758796691895;-3.6837825775146484;-2.514131546020508
-1.6444034576416016;-0.6009731292724609;-2.8591361045837402
-0.15123045444488525;3.1706180572509766;-1.4450769424438477
0.5511907339096069;6.893556594848633;0.886589527130127
-1.5631438493728638;7.564680099487305;1.8004035949707031
-3.881171226501465;7.36076545715332;3.322591781616211
-4.374040603637695;3.792541027069092;10.972612380981445
-1.854179859161377;0.12859153747558594;11.249309539794922
-1.540745496749878;-0.2862081527709961;10.963661193847656
-0.8841845989227295;-0.6342992782592773;5.555416107177734
0.4989493489265442;-0.7826838493347168;1.3083581924438477
1.0308377742767334;-2.0705597400665283;-2.0528993606567383
0.755698561668396;-2.9785213470458984;-4.871896266937256
0.07617008686065674;-4.006078243255615;-6.614301681518555
1.0013725757598877;-4.127679824829102;-8.007349967956543
1.4602488279342651;-4.854252815246582;-6.2827324867248535
0.4314943850040436;-5.843019485473633;-4.083650588989258
-0.17031478881835938;-5.722414493560791;-2.371199607849121
1.2310764789581299;-1.8503258228302002;-1.7838544845581055
0.4072490930557251;0.7936091423034668;-1.6807141304016113
1.8201518058776855;4.45197868347168;-1.6076865196228027
2.037898063659668;6.975928783416748;-0.04601430892944336
-0.4530334174633026;6.539104461669922;0.7183575630187988
-0.7918661236763;5.706779479980469;3.6028800010681152
-0.47226694226264954;5.243618488311768;9.308645248413086
1.5521879196166992;3.811694622039795;9.38583755493164
2.092641592025757;2.134153366088867;5.555375099182129
1.6315852403640747;0.5003418922424316;1.014328956604004
2.3455519676208496;-1.2298831939697266;-3.066624164581299
3.459117889404297;-0.3965597152709961;-3.9099037647247314
4.635290145874023;-2.321532726287842;-5.569813251495361
2.394500494003296;-1.1592473983764648;-8.66166877746582
1.6962745189666748;-4.0592942237854;-7.693613529205322
2.7703208923339844;-3.8976385593414307;-3.8713746070861816
1.2048366069793701;-4.599528789520264;-2.9213809967041016
-0.1343080997467041;-4.784337043762207;-1.5917706489562988
-1.4024832248687744;-3.819653272628784;-0.10259056091308594
-3.348832845687866;-1.5802369117736816;0.26215124130249023
-2.574716329574585;1.2840003967285156;0.3831443786621094
0.812274694442749;5.752848148345947;1.8209552764892578
-0.8717736005783081;4.117152214050293;2.5293564796447754
-1.9550195932388306;3.2906346321105957;4.975405693054199
0.9513747692108154;3.275575637817383;6.178042411804199
5.080389022827148;3.4485764503479004;8.029024124145508
6.837801933288574;2.80435848236084;5.380799293518066
5.106039047241211;1.1307730674743652;1.7486352920532227
2.106229305267334;-0.046885013580322266;-1.0510711669921875
1.1884853839874268;-0.42037534713745117;-3.7181694507598877
0.8479053974151611;-1.3560009002685547;-4.971503734588623
-0.17262935638427734;-2.658372402191162;-5.306984901428223
-1.0640599727630615;-3.862863540649414;-5.0804667472839355
-2.412364959716797;-4.4846720695495605;-5.169898986816406
-3.3504152297973633;-5.16391134262085;-5.495569705963135
-1.5300767421722412;-4.225287437438965;-4.417187690734863
-1.370424747467041;-2.807278633117676;-3.8619189262390137
-2.178238868713379;-0.1776280403137207;-2.843921661376953
-2.736531972885132;2.6949710845947266;0.3798708915710449
-2.9352774620056152;4.553253173828125;4.529444694519043
-3.0700950622558594;7.548594951629639;7.610383987426758
-2.0337352752685547;8.828763961791992;5.777832984924316
-0.8134143352508545;9.262123107910156;5.415892601013184
3.1948747634887695;9.321554183959961;4.054494380950928
6.817863464355469;9.659271240234375;-0.38176965713500977
6.014752388000488;3.996516227722168;-1.9442882537841797
1.6893517971038818;-0.18043279647827148;-0.407930850982666
-0.4537544250488281;-1.3043928146362305;-2.07690691947937
-2.726797103881836;-5.186208724975586;-4.85407829284668
-1.6931018829345703;-4.701220512390137;-5.053220748901367
-0.964897632598877;-6.2260260581970215;-4.327977657318115
-1.5051367282867432;-7.416772842407227;-5.509533405303955
-1.7759122848510742;-8.362421035766602;-6.121476173400879
-1.3293180465698242;-8.396215438842773;-4.395390033721924
-0.6066961884498596;-8.324440002441406;-3.894843578338623
1.00786292552948;-6.780960559844971;-2.128624677658081
-1.5089970827102661;-3.254364013671875;1.0736076831817627
-2.444136142730713;2.2840747833251953;6.19752836227417
-3.7469120025634766;8.313090324401855;7.556687831878662
-4.36268424987793;10.523754119873047;7.609899520874023
-2.2339253425598145;10.97891902923584;8.705648422241211
5.038600921630859;10.992942810058594;6.317286491394043
8.156744956970215;10.092741012573242;5.0378336906433105
8.003628730773926;6.484004497528076;2.81948184967041
6.230031967163086;2.134812355041504;-0.28565549850463867
2.1695656776428223;-1.8979930877685547;-3.149059295654297
-0.4779822826385498;-5.909576416015625;-4.133225440979004
-1.9454841613769531;-8.753613471984863;-4.542510986328125
-1.5026415586471558;-10.21518611907959;-4.866222381591797
-1.708193063735962;-10.375824928283691;-4.01432466506958
-2.0552423000335693;-10.426660537719727;-3.968104839324951
-1.9361345767974854;-9.544536590576172;-4.20596981048584
-2.1480777263641357;-7.789319038391113;-4.5329365730285645
-2.6262927055358887;-4.814990997314453;-3.7287497520446777
-5.529144763946533;0.29236602783203125;-0.9612853527069092
-6.266855716705322;5.168368339538574;1.977217197418213
-6.298503398895264;9.867266654968262;3.9687743186950684
-5.6444807052612305;11.195749282836914;8.065427780151367
-3.1793713569641113;11.25493335723877;10.932306289672852
4.795259952545166;11.286885261535645;7.148385047912598
10.970074653625488;11.313814163208008;-0.45697975158691406
7.920562744140625;6.909514427185059;-0.9274499416351318
2.8956735134124756;0.45615482330322266;-2.0339674949645996
-0.7540508508682251;-3.485445499420166;-4.1392717361450195
-2.265794515609741;-6.264588356018066;-5.901195526123047
-1.5625381469726563;-7.56984281539917;-6.563470840454102
-0.9681717157363892;-8.469066619873047;-5.964516639709473
-1.1849486827850342;-9.093866348266602;-5.021432399749756
-1.4260855913162231;-9.467307090759277;-4.343433856964111
-1.0403510332107544;-9.071097373962402;-4.5840325355529785
0.14735037088394165;-8.025211334228516;-4.147021293640137
0.24640488624572754;-7.244311809539795;-4.119884967803955
-0.45792442560195923;-4.682785511016846;-3.1644115447998047
-2.9627151489257813;-0.8721952438354492;1.2102177143096924
-2.7211692333221436;5.507472038269043;2.772451162338257
-2.021735668182373;10.321352005004883;2.123408317565918
-3.362903118133545;10.356134414672852;6.526574611663818
-3.3097376823425293;10.457961082458496;13.11146354675293
2.1501660346984863;10.500880241394043;11.086328506469727
7.6759138107299805;10.54857063293457;4.976537227630615
8.280611038208008;7.731837272644043;1.71451997756958
5.122011184692383;0.49916648864746094;-1.938657522201538
1.1209913492202759;-5.644021511077881;-3.6102242469787598
-0.8043471574783325;-9.6544189453125;-4.2862749099731445
-1.0184487104415894;-11.846713066101074;-4.390344142913818
-1.0292723178863525;-12.332845687866211;-3.6707680225372314
-1.6217501163482666;-12.471287727355957;-2.2255947589874268
-2.1963095664978027;-11.996407508850098;-2.3291666507720947
-1.9041824340820313;-10.630261421203613;-3.676846742630005
-0.44328415393829346;-8.927871704101563;-4.451291084289551
0.7362691164016724;-7.556633472442627;-4.127100467681885
0.6267004013061523;-5.7141923904418945;-3.399087429046631
-1.196595549583435;-1.392301082611084;-2.890410900115967
-2.225888252258301;3.3491268157958984;1.4748332500457764
-3.770643711090088;9.642036437988281;5.274660587310791
-4.045160293579102;10.7797269821167;8.362052917480469
-1.5242080688476563;10.79576301574707;10.176780700683594
5.782102584838867;10.81361198425293;5.361696243286133
9.047030448913574;10.872456550598145;1.063596248626709
7.344019889831543;10.830060005187988;0.13725519180297852
3.4696202278137207;2.5331497192382813;-2.14863920211792
0.9069627523422241;-4.287073135375977;-3.3602993488311768
-0.2872614860534668;-8.817937850952148;-4.483028888702393
-0.6137266755104065;-11.193842887878418;-5.625139236450195
-1.2906728982925415;-12.629350662231445;-4.992779731750488
-2.552999496459961;-13.050372123718262;-3.6906940937042236
-2.535553455352783;-12.199748039245605;-3.5757381916046143
-1.0195350646972656;-10.626951217651367;-4.045034885406494
-0.12353229522705078;-8.859415054321289;-3.6261332035064697
0.38885295391082764;-6.725419044494629;-3.0520966053009033
-0.3702303171157837;-3.9873900413513184;-3.2483153343200684
-3.5787148475646973;-0.039340972900390625;-0.23238444328308105
-3.690429449081421;4.799990653991699;4.325028419494629
-3.4316811561584473;10.31373405456543;5.858956336975098
-0.8925795555114746;10.563321113586426;5.23221492767334
1.7548502683639526;10.57144832611084;7.640825271606445
6.252612590789795;10.648303985595703;7.200421333312988
9.699840545654297;10.710904121398926;4.483755111694336
7.157026767730713;8.835906982421875;0.7284328937530518
2.623629093170166;1.6644840240478516;-1.7922216653823853
-0.907461404800415;-4.850700855255127;-2.828728199005127
-1.5503212213516235;-9.057024955749512;-3.420039415359497
0.17140138149261475;-11.140335083007813;-4.093916893005371
1.24079430103302;-11.713083267211914;-4.181968688964844
0.18977558612823486;-11.841593742370605;-3.0037806034088135
-1.136956810951233;-11.246037483215332;-1.8228168487548828
-1.7065365314483643;-9.704516410827637;-1.265040397644043
-1.310535192489624;-8.03845500946045;-2.3964900970458984
-0.4340750277042389;-6.0445146560668945;-3.3952558040618896
-0.20618337392807007;-3.59133243560791;-1.8064355850219727
-3.5913054943084717;0.3674325942993164;0.19966554641723633
-5.686729431152344;4.928164482116699;2.4913201332092285
-6.088489532470703;10.951457977294922;5.730938911437988
-2.885514974594116;10.929018020629883;6.948487281799316
0.14723289012908936;10.938741683959961;6.979530334472656
4.558056831359863;11.013507843017578;4.320220470428467
8.455670356750488;11.085090637207031;-0.3759441375732422
6.305841445922852;8.361318588256836;-3.4919230937957764
2.618675947189331;0.524409294128418;-5.69650936126709
-0.11234915256500244;-6.572283744812012;-7.412697792053223
-0.8185191750526428;-10.774967193603516;-7.100083351135254
-0.8206769227981567;-13.114852905273438;-5.6284966468811035
-0.9398390650749207;-13.695059776306152;-3.21954607963562
-0.16023822128772736;-12.553682327270508;-3.199237585067749
0.7811810970306396;-10.418577194213867;-4.812640190124512
0.9549345970153809;-8.440983772277832;-4.907505035400391
0.7811381220817566;-6.637726306915283;-4.326387882232666
0.3761638104915619;-4.376338481903076;-2.6787867546081543
-2.4129843711853027;-0.5642881393432617;1.2026276588439941
-3.304936647415161;5.622719764709473;4.961441993713379
-4.698897361755371;9.901999473571777;8.281425476074219
-4.7173943519592285;10.42784595489502;7.574328422546387
-3.0371599197387695;10.380606651306152;6.691716194152832
0.3116954565048218;10.37689208984375;6.396618843078613
4.8569560050964355;10.45361614227295;5.793158531188965
6.1256022453308105;8.020538330078125;2.048070192337036
4.952291965484619;3.1042356491088867;-3.4651808738708496
1.6004278659820557;-2.1524477005004883;-5.278468132019043
-0.5292456150054932;-6.70954704284668;-4.999116897583008
-1.2418596744537354;-10.129535675048828;-5.389228820800781
-0.13926732540130615;-11.219685554504395;-5.591486930847168
0.41299712657928467;-11.30322265625;-3.772706985473633
0.35845133662223816;-10.81778335571289;-2.0202274322509766
0.09196589887142181;-10.391606330871582;-1.1075358390808105
-0.2877294421195984;-9.189408302307129;-1.685295820236206
0.054505206644535065;-6.40291690826416;-2.4391465187072754
-2.269266128540039;-1.9701991081237793;-1.8169498443603516
-5.212687969207764;4.671709060668945;1.945958137512207
-6.6425700187683105;10.581937789916992;6.66380500793457
-5.474871635437012;10.573562622070313;7.069342136383057
-1.2343006134033203;10.54893970489502;4.874208450317383
3.233600616455078;10.538949012756348;2.161729335784912
5.632733345031738;10.563535690307617;0.7403950691223145
5.208192348480225;8.090766906738281;-1.340496301651001
2.4306719303131104;2.9975528717041016;-4.399994850158691
-2.033602714538574;-2.139225959777832;-5.256659507751465
-2.927091598510742;-7.034249305725098;-4.276597023010254
-1.9565837383270264;-11.02083683013916;-3.822619915008545
0.16610562801361084;-12.574260711669922;-3.983516216278076
0.627169668674469;-13.270380020141602;-1.8395254611968994
-0.6925016641616821;-13.979230880737305;-0.5372350215911865
-2.0458109378814697;-13.385440826416016;-0.19733476638793945
-1.650454044342041;-11.276568412780762;-1.0167102813720703
-1.2036705017089844;-7.917917251586914;-2.238976001739502
-0.9871919751167297;-1.6192121505737305;-2.045201301574707
-0.8712655901908875;8.375238418579102;0.09358835220336914
-2.037350654602051;10.555599212646484;-1.9279143810272217
-3.63572096824646;10.524856567382813;1.32694673538208
-2.505157709121704;10.51869010925293;6.429879665374756
-0.628489077091217;10.470100402832031;2.4860286712646484
1.9414185285568237;10.375371932983398;-1.4462147951126099
2.442035436630249;6.983922004699707;-2.5473809242248535
0.5830044746398926;0.3250446319580078;-2.6536061763763428
-0.32863688468933105;-6.158835411071777;-2.4286117553710938
0.532813310623169;-9.350263595581055;-2.537869930267334
1.898276448249817;-10.253290176391602;-3.165447235107422
2.0057637691497803;-10.904293060302734;-2.5249791145324707
1.5289031267166138;-10.994890213012695;-1.7919389009475708
1.7282483577728271;-10.374390602111816;-2.2077739238739014
2.012211799621582;-9.594233512878418;-3.015650749206543
2.0979902744293213;-8.428579330444336;-3.1463069915771484
1.1544994115829468;-7.346187591552734;-3.1380820274353027
1.327070951461792;-5.813606262207031;-1.9666774272918701
-0.4982844591140747;-3.3557820320129395;-0.6513219475746155
-2.8532965183258057;1.8490943908691406;0.7533742189407349
-1.6682682037353516;7.961795806884766;5.816592216491699
0.12459811568260193;10.018803596496582;7.776549339294434
-2.5016510486602783;10.04319953918457;8.639083862304688
0.09947419166564941;10.109197616577148;9.827329635620117
5.744192123413086;10.223335266113281;7.111947059631348
7.012446403503418;7.981931686401367;5.122958183288574
7.507616996765137;2.424468994140625;2.016510248184204
5.346562385559082;-1.0642590522766113;-1.9486721754074097
2.5737545490264893;-5.186659812927246;-4.430591583251953
-0.5815699100494385;-8.962686538696289;-4.314513206481934
-1.6271566152572632;-11.170358657836914;-3.5201780796051025
-1.8127892017364502;-11.803239822387695;-2.5437281131744385
-1.6883403062820435;-12.043542861938477;-2.1571483612060547
-1.621788501739502;-11.208348274230957;-1.710405707359314
-1.6360747814178467;-9.869222640991211;-1.9590214490890503
-1.0225242376327515;-8.164530754089355;-2.5892508029937744
1.0035420656204224;-6.152677536010742;-3.121565580368042
-1.075742244720459;-2.4082984924316406;-2.697075366973877
-2.699643611907959;3.3092594146728516;-1.984713077545166
-1.0039405822753906;7.499953269958496;0.01189732551574707
1.5982654094696045;10.563615798950195;3.134186267852783
-0.6636441946029663;10.683262825012207;6.428858757019043
0.6942074298858643;10.978731155395508;8.03941822052002
5.7114763259887695;11.273046493530273;8.693511962890625
7.202600479125977;8.3602933883667;6.289456844329834
6.659174919128418;5.232736587524414;3.4621572494506836
4.849276542663574;0.9435796737670898;2.2037692070007324
1.8293166160583496;-2.1825780868530273;0.7785153388977051
-0.09032440185546875;-4.937002182006836;-0.34197330474853516
-1.0819268226623535;-6.636889457702637;-1.1615424156188965
-1.6293271780014038;-7.765498638153076;-2.8289122581481934
-2.4102983474731445;-8.409587860107422;-4.596357345581055
-3.2302544116973877;-9.118165969848633;-5.368162155151367
-3.5351643562316895;-9.318588256835938;-4.821986675262451
-3.5680110454559326;-9.184624671936035;-3.623210906982422
-3.3355424404144287;-9.017351150512695;-2.5318613052368164
-2.8947811126708984;-7.7337260246276855;-1.741678237915039
-2.3462297916412354;-5.140007495880127;-0.2281322479248047
-2.8043413162231445;-0.37314939498901367;-0.21792840957641602
-1.964734435081482;3.725038528442383;1.3908753395080566
2.5164618492126465;8.013936042785645;3.882491111755371
4.0368146896362305;9.84130573272705;6.737024784088135
0.561086893081665;6.310696601867676;12.416274070739746
-1.1728179454803467;5.937088966369629;12.986114501953125
1.2309298515319824;5.506115913391113;10.73868179321289
4.208402633666992;4.363874435424805;7.70280122756958
5.39911413192749;2.2156949043273926;4.360219478607178
4.397276878356934;1.365983009338379;0.26567935943603516
2.54789400100708;-0.6266183853149414;-2.4780845642089844
0.5947966575622559;-2.9514431953430176;-3.172125816345215
-1.1886359453201294;-5.090057373046875;-3.59253191947937
-2.599015235900879;-6.512278079986572;-4.855544090270996
-3.089447498321533;-7.034913063049316;-6.203671455383301
-2.7815370559692383;-7.298620223999023;-6.5337724685668945
-2.3592357635498047;-7.377579212188721;-5.518252849578857
-2.1679253578186035;-7.507110595703125;-3.7057647705078125
-1.5672043561935425;-6.132043361663818;-1.9624478816986084
-1.5169925689697266;-1.8697161674499512;-2.533970355987549
0.1179201602935791;1.8291621208190918;-1.1267657279968262
0.09038567543029785;4.689042568206787;2.3595337867736816
-0.5971089601516724;6.161211967468262;5.236278057098389
-1.02362859249115;8.006000518798828;5.572749137878418
-0.7181471586227417;8.362845420837402;6.424699783325195
1.263382911682129;9.384895324707031;8.116470336914063
4.1066436767578125;8.13944149017334;7.538951873779297
4.322563171386719;3.9408230781555176;6.142224311828613
3.2176876068115234;1.461005687713623;3.140699863433838
3.118443012237549;0.34347963333129883;-0.17637109756469727
2.3927977085113525;-0.9522175788879395;-2.0972189903259277
0.9515619277954102;-2.8141164779663086;-2.8380343914031982
-0.21265721321105957;-4.372494697570801;-3.6600048542022705
-0.8234972953796387;-5.305312156677246;-4.214125156402588
-1.1189427375793457;-5.6765642166137695;-5.767863750457764
-1.3779656887054443;-5.825601100921631;-7.150192737579346
-1.2793716192245483;-6.045814037322998;-6.611119270324707
-1.1307941675186157;-6.558279514312744;-4.53812313079834
-0.9348042011260986;-6.503085136413574;-3.3220977783203125
-0.295232892036438;-5.583278656005859;-2.046476125717163
-1.8529835939407349;-2.3414406776428223;-2.0132012367248535
-1.8883814811706543;0.730194091796875;-0.6675662994384766
-0.04627418518066406;4.1929802894592285;2.692617893218994
0.9573631286621094;7.0396246910095215;6.022035121917725
0.7573423385620117;8.23942756652832;6.562573432922363
0.06493330001831055;8.882759094238281;6.411557197570801
0.14278793334960938;9.262737274169922;7.102587699890137
1.7711541652679443;10.069829940795898;6.130800247192383
2.064476251602173;7.003966331481934;5.333311080932617
2.377141237258911;2.250415325164795;4.955247402191162
2.314208745956421;0.5668659210205078;2.695652484893799
2.069117307662964;-0.5240392684936523;0.16259431838989258
1.4725894927978516;-1.5442252159118652;-1.927001953125
-0.09117364883422852;-3.192939519882202;-2.825072765350342
-1.0889674425125122;-4.680688381195068;-3.722999334335327
-1.306974172592163;-5.294949531555176;-5.311720848083496
-1.632166862487793;-5.700158596038818;-6.822230339050293
-1.996383786201477;-6.411849498748779;-7.084651947021484
-1.9885199069976807;-7.084605693817139;-5.4719438552856445
-1.6400290727615356;-7.136409759521484;-4.52639627456665
-1.5516932010650635;-6.719199180603027;-3.931947946548462
-1.2783364057540894;-5.630029678344727;-2.699422836303711
-1.1738429069519043;-3.451239585876465;-1.737044095993042
-1.5932717323303223;0.5545897483825684;-1.2744617462158203
0.1314256191253662;3.854619026184082;1.0298190116882324
1.4371042251586914;5.954513072967529;3.822659969329834
2.3940937519073486;8.198518753051758;6.2938456535339355
2.052398443222046;9.447247505187988;8.147738456726074
0.9691691398620605;8.758042335510254;8.711153030395508
0.7835643291473389;9.353921890258789;7.921929836273193
0.08435392379760742;9.81020450592041;6.369137763977051
1.4072513580322266;8.871533393859863;4.874334335327148
2.962991237640381;5.983325958251953;5.007619857788086
3.5160272121429443;1.9931731224060059;4.281795501708984
2.393620252609253;-0.030641555786132813;1.0954022407531738
0.9416873455047607;-2.179332733154297;-2.120650291442871
-0.46858465671539307;-3.894169807434082;-3.801126003265381
-1.2671518325805664;-5.507739543914795;-4.419171333312988
-1.3664004802703857;-6.519974231719971;-4.721128940582275
-1.4162559509277344;-7.16677188873291;-5.647544860839844
-1.5892949104309082;-7.500936985015869;-5.978172302246094
-1.62075674533844;-7.746368408203125;-5.8584489822387695
-0.7681403160095215;-7.503756046295166;-4.213573455810547
-0.4573880434036255;-7.031211853027344;-2.9180517196655273
0.29686403274536133;-6.920175075531006;-1.7242426872253418
0.30048084259033203;-6.226892948150635;-1.3259975910186768
0.1491783857345581;-3.8866372108459473;-1.1250605583190918
-1.3459631204605103;1.9470300674438477;-0.9327168464660645
-1.4513579607009888;5.056097984313965;0.36568641662597656
-1.5926644802093506;8.047353744506836;-0.34522008895874023
-0.737153172492981;10.4699068069458;-0.31734514236450195
1.7419064044952393;11.466845512390137;2.7652339935302734
1.4624338150024414;11.54710578918457;4.386018753051758
0.7760114669799805;11.582911491394043;1.6488494873046875
2.5254967212677;11.651960372924805;0.4332399368286133
2.935027599334717;8.11001205444336;0.667017936706543
4.3051438331604;3.4721240997314453;1.783843994140625
3.8306665420532227;0.34943199157714844;1.477248191833496
1.9741840362548828;-1.6283388137817383;-0.674565315246582
0.38013315200805664;-4.146054267883301;-2.8225767612457275
-0.5356378555297852;-6.042998790740967;-2.891338348388672
-0.9686800241470337;-7.358954429626465;-2.130138635635376
-1.036899447441101;-8.45497989654541;-1.6556003093719482
-1.3505995273590088;-9.478248596191406;-2.045478582382202
-2.0316104888916016;-10.094725608825684;-2.2966513633728027
-2.327080249786377;-10.531447410583496;-1.1893779039382935
-2.1134634017944336;-10.22010612487793;-0.6395612955093384
-1.3274872303009033;-9.282930374145508;-1.342827558517456
-0.17609941959381104;-8.039236068725586;-1.6987342834472656
-0.4087085425853729;-6.10869836807251;-1.366335391998291
-3.337397336959839;-2.689485549926758;-2.705869674682617
-2.7501730918884277;1.6640472412109375;-2.3249926567077637
-1.7796783447265625;7.114602088928223;-2.976027727127075
-2.2292330265045166;10.389726638793945;-1.4689006805419922
0.8680894374847412;10.492918968200684;0.5369131565093994
4.841513633728027;10.590786933898926;1.9413411617279053
2.677567958831787;10.672006607055664;1.8073391914367676
-1.2396661043167114;10.64685344696045;0.05522918701171875
-1.3228867053985596;10.604333877563477;-0.10846877098083496
1.9054919481277466;6.651379585266113;0.839397668838501
2.261113166809082;2.1036148071289063;0.8307253122329712
2.490713596343994;-2.454979419708252;-1.0798907279968262
0.5719584226608276;-5.758007049560547;-2.0949630737304688
-0.7962649464607239;-8.424249649047852;-1.6207356452941895
-1.4741489887237549;-10.127911567687988;-1.1443434953689575
-1.6095815896987915;-10.92793083190918;-1.3021243810653687
-2.1796083450317383;-11.117145538330078;-1.3067317008972168
-2.3994922637939453;-10.976719856262207;-1.3250346183776855
-2.319125175476074;-10.634987831115723;-1.251537799835205
-1.1700143814086914;-10.16338062286377;-1.3158633708953857
0.10613691806793213;-9.505959510803223;-1.6318199634552002
1.3660823106765747;-7.872376441955566;-1.866469383239746
1.1171975135803223;-5.900324821472168;-1.9007028341293335
-1.8693747520446777;-2.852323055267334;-1.47829270362854
-3.132997751235962;0.8615446090698242;-0.673474907875061
-1.4824755191802979;5.357671737670898;-0.9388998746871948
0.5532174706459045;9.832712173461914;-0.4907870590686798
2.4427053928375244;9.914551734924316;1.44935941696167
3.9293293952941895;9.972358703613281;1.436666488647461
1.3611122369766235;9.987007141113281;1.547058343887329
-3.052546977996826;9.96501350402832;1.581358551979065
-3.1523263454437256;9.94986629486084;0.9254545569419861
-0.708631694316864;8.490198135375977;0.4521278738975525
2.36187744140625;4.018840789794922;-0.2667696475982666
2.5728611946105957;-0.21779346466064453;-0.5578994154930115
1.5394574403762817;-3.530498504638672;-0.8180344700813293
0.8081363439559937;-6.192517280578613;-1.2915496826171875
0.30979692935943604;-7.9670209884643555;-1.5631109476089478
0.03611379861831665;-9.090030670166016;-1.4957363605499268
-0.3861372470855713;-9.649106979370117;-1.2336033582687378
-0.9005773067474365;-9.905738830566406;-1.0383855104446411
-1.2102926969528198;-10.061988830566406;-1.0000766515731812
-1.0000312328338623;-9.937947273254395;-1.1304353475570679
-0.22483399510383606;-9.38122272491455;-1.1080656051635742
0.39965546131134033;-8.16467571258545;-1.4330004453659058
0.9807529449462891;-6.98221492767334;-1.7665098905563354
0.4100041091442108;-4.931464195251465;-1.8810865879058838
-1.227710247039795;-2.493797779083252;1.0325182676315308
-1.4663333892822266;2.0618104934692383;1.29317045211792
-0.7841132879257202;6.759876251220703;2.365753173828125
0.4089832305908203;9.908846855163574;3.677605152130127
0.4569573402404785;9.926380157470703;3.465707778930664
0.1355023980140686;9.946022033691406;4.418351650238037
0.7459180355072021;9.959940910339355;4.595378875732422
1.1669491529464722;9.974285125732422;2.6023693084716797
1.37607741355896;9.99975872039795;1.614314317703247
3.2983293533325195;7.284974098205566;1.197605013847351
3.1616790294647217;3.3177661895751953;0.5352360010147095
2.380488157272339;-0.3658447265625;-0.8539681434631348
1.0888516902923584;-3.4528632164001465;-1.9309345483779907
0.146506667137146;-6.199524402618408;-2.4917454719543457
-0.8021259903907776;-8.531168937683105;-2.4019439220428467
-1.7977081537246704;-10.055731773376465;-1.7890206575393677
-2.3478922843933105;-10.830934524536133;-1.573493480682373
-2.215160369873047;-10.940597534179688;-1.6427379846572876
-1.9457767009735107;-10.680994033813477;-1.597118854522705
-1.5630428791046143;-10.032158851623535;-1.1770840883255005
-0.5320295095443726;-9.167678833007813;-1.6410332918167114
0.7952083349227905;-7.566111087799072;-2.29327130317688
1.8334802389144897;-6.3658270835876465;-2.4368808269500732
0.573562741279602;-3.790196418762207;-0.9514258503913879
-0.7431926727294922;-0.5199289321899414;0.45621395111083984
-2.163822650909424;3.5999794006347656;1.4688698053359985
-1.4821193218231201;7.572193145751953;1.7278300523757935
-0.6134008169174194;9.998092651367188;1.7920091152191162
-0.5219438672065735;9.996838569641113;2.460872173309326
-0.27203240990638733;10.011502265930176;3.8678627014160156
-0.20652413368225098;10.036057472229004;5.30532169342041
0.05648612976074219;10.04623031616211;5.703500747680664
1.1750030517578125;10.04325008392334;2.3910341262817383
3.0418753623962402;7.965269088745117;-0.940348744392395
2.8193020820617676;3.0605106353759766;-2.1869661808013916
1.5872678756713867;-1.9263038635253906;-2.231081247329712
0.4392586350440979;-6.062687873840332;-1.9128978252410889
-0.21027624607086182;-8.832571029663086;-2.2189090251922607
-0.6241908073425293;-10.487947463989258;-2.213951826095581
-1.1731619834899902;-11.593263626098633;-1.8646987676620483
-1.617598533630371;-11.98514175415039;-1.2157596349716187
-1.851363182067871;-11.7245512008667;-1.0027834177017212
-1.7400671243667603;-11.01002311706543;-1.1347246170043945
-0.8294795155525208;-9.677496910095215;-1.6355791091918945
0.08350919187068939;-7.898758888244629;-1.7878780364990234
0.7254115343093872;-5.19179630279541;-1.544034719467163
0.48498982191085815;-0.6017389297485352;-0.2217409610748291
0.4220028519630432;4.61093807220459;1.4058012962341309
-0.5345876812934875;10.142251014709473;3.1055455207824707
-2.702643394470215;10.110145568847656;4.637768745422363
-1.4852765798568726;10.090347290039063;5.347513198852539
5.060525894165039;10.14263916015625;0.525507926940918
9.530879974365234;10.292067527770996;-3.108611583709717
9.885885238647461;8.288538932800293;-2.085696220397949
6.231162071228027;2.4402523040771484;-1.5172728300094604
1.5931146144866943;-2.4485573768615723;-2.712514877319336
-1.51547110080719;-6.971965789794922;-3.1726598739624023
-3.5356504917144775;-9.318464279174805;-2.5520410537719727
-4.259284019470215;-10.3510103225708;-1.4550936222076416
-4.100233554840088;-10.525261878967285;-0.7373223304748535
-3.1290576457977295;-9.078487396240234;-1.066908359527588
-1.808067798614502;-7.018898010253906;-1.6405071020126343
-0.3168579339981079;-4.821578502655029;-1.2968518733978271
-0.29498374462127686;-2.2748770713806152;-0.8338416814804077
0.29308128356933594;2.3378076553344727;0.38423383235931396
-2.7390875816345215;5.229376792907715;3.026223659515381
-5.61033296585083;6.959067344665527;6.72894287109375
-6.501670837402344;8.542336463928223;8.24764347076416
-3.70407772064209;8.047419548034668;7.067192077636719
2.7706363201141357;8.610318183898926;2.8605432510375977
6.9252610206604;6.274319648742676;-1.892961025238037
8.092367172241211;2.2801170349121094;-2.977499008178711
4.171788692474365;-1.5461926460266113;-2.4894566535949707
0.57080078125;-4.5243401527404785;-3.498992443084717
-2.5951929092407227;-7.034051895141602;-3.9770801067352295
-3.605179786682129;-7.933090686798096;-3.183201789855957
-3.8915164470672607;-9.679717063903809;-1.8979215621948242
-3.3302793502807617;-9.029830932617188;-0.6373674869537354
-2.122697114944458;-7.818708896636963;-0.8119443655014038
-0.3485211730003357;-5.680297374725342;-1.7963448762893677
1.0233125686645508;-2.7455763816833496;-0.4501705765724182
1.7214293479919434;0.7727718353271484;0.6511136293411255
-1.5796864032745361;3.819305419921875;2.346468448638916
-4.604939937591553;6.057781219482422;7.235715866088867
-2.6513097286224365;6.923707008361816;6.694230556488037
5.49361515045166;6.600934982299805;2.5461483001708984
8.399140357971191;6.613146781921387;-0.9935246706008911
7.298815727233887;3.64239501953125;-3.376987934112549
3.860607385635376;-0.27850914001464844;-2.9333624839782715
-0.27556800842285156;-2.524872303009033;-3.2653462886810303
-4.127967834472656;-4.141294479370117;-3.3668508529663086
-5.621352195739746;-5.212062358856201;-0.864683210849762
-4.657983303070068;-5.956846714019775;1.0355875492095947
-0.8969783782958984;-3.5991086959838867;0.5190467834472656
2.498501777648926;-1.04730224609375;-0.8339692950248718
2.80051589012146;1.718994140625;-1.0818138122558594
-1.180341124534607;3.3150272369384766;1.2721024751663208
-2.912550449371338;4.452970504760742;3.8802411556243896
-2.542004108428955;5.310002326965332;1.5626322031021118
1.000063419342041;3.444363594055176;0.6851879358291626
5.616273880004883;2.4184494018554688;-1.2216163873672485
5.4534502029418945;0.7935266494750977;-3.402031898498535
1.673022985458374;-2.163473129272461;-4.287445545196533
-2.4050910472869873;-4.301701545715332;-4.105291843414307
-5.16853141784668;-6.517317771911621;-2.659447431564331
-5.893223285675049;-8.258689880371094;-0.5407312512397766
-5.065604209899902;-8.534602165222168;0.5548685193061829
-2.7178170680999756;-7.368492126464844;0.3311857581138611
1.2650848627090454;-5.360126495361328;0.43193158507347107
5.269143104553223;-0.8613929748535156;1.6705365180969238
2.467137575149536;4.075979232788086;4.004738807678223
-2.260021686553955;7.25045108795166;8.36449909210205
0.5854191780090332;9.138856887817383;6.333493232727051
6.420212745666504;8.492340087890625;2.9796435832977295
9.864551544189453;7.792233467102051;5.384497165679932
8.840051651000977;6.515909194946289;3.5339503288269043
5.790524482727051;4.3016157150268555;-2.2284939289093018
0.8022472858428955;1.0965967178344727;-4.662696838378906
-3.345829963684082;-2.145841121673584;-4.645553112030029
-4.005653381347656;-4.012310981750488;-4.201531410217285
-2.336688756942749;-4.482391834259033;-4.409618377685547
-1.4218225479125977;-5.429374694824219;-4.164572715759277
-0.9274126887321472;-5.857271671295166;-3.5873918533325195
-1.496895432472229;-5.085770130157471;-1.833296537399292
-3.649260997772217;-3.1466856002807617;0.35489335656166077
-3.7660179138183594;-0.32062435150146484;0.413845032453537
-4.995214939117432;0.28487205505371094;0.5593874454498291
-5.437403678894043;1.7345294952392578;0.7897472381591797
-4.156661033630371;2.778134346008301;2.260521173477173
1.3211647272109985;5.498971939086914;1.389275074005127
3.624441146850586;4.310916900634766;-3.047977924346924
2.8070614337921143;1.9665555953979492;-4.833561897277832
0.6535340547561646;-0.7486248016357422;-2.147104024887085
0.8946712017059326;-1.9860610961914063;-0.4208419919013977
1.166746973991394;-2.4812259674072266;-0.0476265549659729
1.6232898235321045;-2.929919719696045;0.1807354837656021
0.4604562520980835;-3.0988855361938477;1.520667552947998
-0.4419233798980713;-4.15669059753418;1.5886789560317993
-0.7943681478500366;-3.6832447052001953;0.7745510339736938
-0.786089301109314;-1.0164690017700195;1.1074557304382324
-1.748245120048523;3.2147397994995117;3.4329700469970703
-3.079334259033203;6.823270797729492;6.421548366546631
-5.683261394500732;8.942947387695313;7.058168888092041
-6.81036376953125;7.7503814697265625;6.892024517059326
-4.105706214904785;6.555805206298828;2.758784770965576
0.015432238578796387;4.862051963806152;-1.686286449432373
2.944369077682495;2.094729423522949;-3.177694320678711
2.6625492572784424;-1.501251220703125;-1.0168554782867432
1.869956374168396;-4.512627124786377;-1.56587553024292
2.802661180496216;-6.181856155395508;-3.8444814682006836
3.4316670894622803;-7.129868507385254;-5.626516819000244
2.4503750801086426;-8.32628059387207;-4.121376037597656
1.105900526046753;-8.964547157287598;-1.6675190925598145
0.3569890856742859;-8.647706985473633;-1.175911545753479
0.23829054832458496;-7.472063064575195;-1.0614075660705566
0.5606593489646912;-4.68985652923584;0.043908119201660156
-2.301870346069336;-0.32587528228759766;2.1130566596984863
-5.929546356201172;3.6887073516845703;5.043587684631348
-9.750276565551758;4.688380241394043;7.3737077713012695
-9.151244163513184;9.744643211364746;6.485116481781006
-4.39327335357666;9.366494178771973;5.225676536560059
3.892643928527832;10.234972953796387;4.4422688484191895
7.464550018310547;6.92868709564209;-0.5925643444061279
6.438260555267334;1.2363834381103516;-1.4361532926559448
1.9920670986175537;-3.6847753524780273;-1.6539870500564575
-0.9131625890731812;-6.349832534790039;-2.974405288696289
-1.3161256313323975;-8.982719421386719;-3.8196356296539307
-0.2114574909210205;-10.380341529846191;-3.5394034385681152
0.5854852199554443;-10.370004653930664;-2.115050792694092
1.151678204536438;-9.638951301574707;-1.0429104566574097
1.48600172996521;-6.888740539550781;-1.7881646156311035
0.9589064121246338;-1.3014602661132813;-1.2209843397140503
-2.5660338401794434;4.496467590332031;0.6044337749481201
-7.44802188873291;9.145809173583984;4.051447868347168
-10.979547500610352;10.310596466064453;9.057992935180664
-5.644067287445068;10.30776309967041;9.782806396484375
2.8802061080932617;10.28864860534668;3.1536457538604736
7.523289680480957;8.567023277282715;-1.5972387790679932
8.191534042358398;2.5738821029663086;-2.0514583587646484
4.457640647888184;-3.505156993865967;-3.0658938884735107
1.9023224115371704;-7.593413352966309;-4.538118362426758
0.7637786865234375;-10.239356994628906;-5.415469169616699
0.76788729429245;-12.250899314880371;-4.736523628234863
0.6610165238380432;-12.743410110473633;-3.1437854766845703
0.3334232568740845;-11.875961303710938;-1.9968914985656738
0.7706426978111267;-8.793766021728516;-2.4676055908203125
1.6874749660491943;-4.777676105499268;-2.7036006450653076
-0.7886009812355042;1.091444969177246;-1.8170864582061768
-3.98697566986084;7.598998069763184;-0.248895525932312
-6.532873630523682;9.965265274047852;2.9961352348327637
-7.155716896057129;9.981170654296875;7.125727653503418
-4.812741279602051;9.993973731994629;8.860617637634277
3.236631393432617;9.998114585876465;4.668703556060791
9.43453598022461;10.00833511352539;-1.9106106758117676
8.736844062805176;3.910055160522461;-3.6101741790771484
4.700564384460449;-5.045345783233643;-3.49562406539917
0.2868257761001587;-13.558534622192383;-2.3026986122131348
-2.845125913619995;-16.238155364990234;-1.482125997543335
-2.598984718322754;-16.33444595336914;-0.794344425201416
-1.4467062950134277;-14.372955322265625;-1.0873346328735352
-2.2295541763305664;-11.702085494995117;-1.5707995891571045
-1.7167819738388062;-8.029147148132324;-1.1231489181518555
-1.3173794746398926;-2.519115924835205;-2.6901960372924805
-3.5332248210906982;4.6377716064453125;-1.39854896068573
-6.334658622741699;10.122512817382813;2.4776501655578613
-8.378729820251465;10.151745796203613;5.011865615844727
-5.9387407302856445;10.164759635925293;7.826197624206543
2.5443177223205566;10.17601490020752;3.3348801136016846
7.450064659118652;10.187996864318848;-0.9692893624305725
7.929860591888428;5.967463493347168;-3.079970121383667
4.455405235290527;-3.490689754486084;-3.8033976554870605
2.316751003265381;-10.574675559997559;-3.0707130432128906
0.3269605040550232;-15.203506469726563;-2.609341859817505
-2.6381258964538574;-17.033172607421875;-1.228109359741211
-3.409187078475952;-16.46703338623047;-0.2889118194580078
-3.041438341140747;-14.446584701538086;-1.1084376573562622
-2.0162510871887207;-11.381389617919922;-1.5886839628219604
-1.5165990591049194;-6.560229778289795;-1.828599214553833
-2.1884844303131104;0.06848526000976563;-1.5431833267211914
-7.7006964683532715;7.748043060302734;-0.41638970375061035
-10.610465049743652;10.58207893371582;2.302454948425293
-7.80657958984375;10.606382369995117;4.75179386138916
0.20093607902526855;10.663187026977539;2.1842763423919678
6.222746849060059;10.760537147521973;-2.304609775543213
7.266984462738037;10.82532024383545;-1.6326631307601929
6.665986061096191;2.8909778594970703;-1.4223287105560303
3.2412757873535156;-4.601750373840332;-2.6031436920166016
1.0985960960388184;-11.292157173156738;-3.926051616668701
-0.7670102119445801;-14.57271957397461;-3.8598036766052246
-2.350128173828125;-15.054750442504883;-2.1917612552642822
-4.56077766418457;-14.945972442626953;-1.0559163093566895
-3.645254611968994;-12.391823768615723;-1.5398931503295898
-2.1101250648498535;-9.47531795501709;-2.4965314865112305
-1.2779066562652588;-6.198921203613281;-2.6244137287139893
-0.290435254573822;-1.6936259269714355;-0.8350074291229248
-0.46458762884140015;4.129545211791992;0.8807520866394043
-1.4795169830322266;10.152994155883789;1.375809669494629
-2.1947927474975586;10.151824951171875;2.299025297164917
-4.395514488220215;10.171902656555176;6.312164306640625
-1.9684982299804688;10.243688583374023;8.483085632324219
5.0728440284729;10.42455768585205;4.332052230834961
8.783774375915527;9.95540714263916;0.27240896224975586
6.034301280975342;2.2867250442504883;-1.0497874021530151
0.65968918800354;-4.534512519836426;-1.83795166015625
-1.9100717306137085;-8.919214248657227;-2.689622402191162
-1.5618109703063965;-10.841285705566406;-2.9092397689819336
0.29619741439819336;-10.520304679870605;-2.8675732612609863
-0.17300069332122803;-10.48065185546875;-2.333716869354248
-0.8703776597976685;-9.953923225402832;-1.5167208909988403
-0.3438616693019867;-8.997908592224121;-1.8565503358840942
0.4988529086112976;-7.820596218109131;-2.186150550842285
0.7890803217887878;-6.224872589111328;-2.589427947998047
-1.7838399410247803;-3.0034518241882324;-1.5719059705734253
-3.180765151977539;1.108229637145996;0.3048233985900879
-4.338687419891357;7.563327789306641;1.5962755680084229
-4.894130706787109;10.165220260620117;3.1298892498016357
-3.98769474029541;10.211962699890137;6.286630630493164
-3.3396458625793457;10.263266563415527;7.774054050445557
-1.569737434387207;10.298396110534668;7.764412879943848
1.9129700660705566;10.317560195922852;4.801347732543945
5.65657377243042;7.342209815979004;-0.42859411239624023
5.124574661254883;1.4965572357177734;-2.0478134155273438
3.0080480575561523;-4.076976776123047;-3.228846311569214
1.088388204574585;-8.985298156738281;-4.190210342407227
-0.33191025257110596;-11.827434539794922;-4.2880425453186035
-0.7496490478515625;-12.312307357788086;-4.146569728851318
-1.2003718614578247;-12.256267547607422;-3.66705060005188
-1.2762898206710815;-11.747278213500977;-2.684335947036743
-0.19073592126369476;-10.372601509094238;-1.9190337657928467
0.9330559372901917;-8.666354179382324;-2.055567741394043
0.7874904274940491;-7.007453918457031;-3.046513080596924
1.2198513746261597;-4.391630172729492;-3.372641086578369
0.2927706241607666;-0.7107667922973633;-2.6908698081970215
-0.14562231302261353;4.037137985229492;-0.8072526454925537
-0.8827771544456482;9.035709381103516;1.7299487590789795
-2.61721134185791;10.13483715057373;3.6352763175964355
-4.92133092880249;10.152387619018555;7.220259189605713
-5.0509419441223145;10.186615943908691;10.259428024291992
0.32514500617980957;10.23072624206543;8.992615699768066
4.965146064758301;10.319124221801758;3.539475679397583
6.673276901245117;7.362781524658203;-0.9618672132492065
4.6171793937683105;0.2888660430908203;-3.03007435798645
1.3109004497528076;-5.529895782470703;-3.251530647277832
-0.6763014793395996;-9.312833786010742;-3.5686559677124023
-0.7978591918945313;-11.295028686523438;-3.6397223472595215
-0.46216392517089844;-12.147092819213867;-2.934347152709961
-0.840054452419281;-11.875188827514648;-2.4315004348754883
-1.5639851093292236;-10.786649703979492;-2.04252028465271
-1.3377292156219482;-9.38729190826416;-2.0004875659942627
-0.05689619481563568;-7.740062236785889;-2.8680214881896973
0.9468156099319458;-6.525144100189209;-4.386412620544434
0.6525173187255859;-5.629896640777588;-4.261591911315918
-0.6898176670074463;-3.565213203430176;-1.9517128467559814
-3.4531188011169434;0.7415714263916016;1.7510342597961426
-4.244384765625;7.539756774902344;3.9956836700439453
-3.2298460006713867;10.14665412902832;5.589869022369385
-2.7409701347351074;10.208296775817871;9.132495880126953
2.5465006828308105;10.261858940124512;10.00245189666748
8.006172180175781;10.304123878479004;4.655019760131836
8.264542579650879;10.28984260559082;0.8278778791427612
7.187773704528809;6.054970741271973;-2.437041997909546
2.448446273803711;-2.4129037857055664;-3.9914679527282715
0.4454694986343384;-8.582928657531738;-4.140223026275635
-0.03776431083679199;-12.634040832519531;-4.226877689361572
-0.9025589227676392;-14.140942573547363;-3.2979836463928223
-1.2769845724105835;-14.266833305358887;-3.11844539642334
-2.6828250885009766;-13.09166145324707;-3.109485626220703
-2.414999008178711;-11.856935501098633;-2.688817024230957
-1.245201826095581;-9.616779327392578;-3.768960475921631
-0.9659121036529541;-6.748078346252441;-4.634071350097656
-0.06766444444656372;-3.977700710296631;-5.423912048339844
-1.9785996675491333;-0.11198902130126953;-3.324624538421631
-3.203155517578125;4.6141357421875;-1.603452205657959
-3.5187463760375977;9.406594276428223;3.002340793609619
-5.505519866943359;10.245644569396973;3.8628571033477783
-5.874385833740234;10.407126426696777;4.919349670410156
-1.7501018047332764;10.73328685760498;5.655265808105469
5.364462852478027;10.925699234008789;0.2697408199310303
6.467597007751465;9.613576889038086;-1.3040701150894165
6.568826675415039;2.9141902923583984;2.47855281829834
5.561834335327148;-1.7058196067810059;1.346315860748291
1.911466360092163;-4.164055347442627;-3.9307732582092285
2.1667873859405518;-5.0248589515686035;-1.7446482181549072
-1.6069756746292114;-9.494087219238281;-3.2385342121124268
-2.0078659057617188;-9.814189910888672;-2.6567673683166504
-3.1602866649627686;-8.959647178649902;-2.6510629653930664
-3.2688422203063965;-8.061081886291504;-1.56770658493042
1.3144457340240479;-7.97990083694458;-4.7554144859313965
0.35068202018737793;-4.8542656898498535;-0.2766578197479248
-0.6032066345214844;-2.9309630393981934;2.255384922027588
-1.8640964031219482;0.19705677032470703;4.452110290527344
-1.1391760110855103;3.5936384201049805;2.745619297027588
-1.96925950050354;7.059480667114258;1.2211008071899414
-0.9115148782730103;8.355348587036133;2.4488208293914795
-1.1433436870574951;8.799535751342773;5.537986755371094
-0.6455121040344238;8.803693771362305;7.510224342346191
-1.588634967803955;8.687121391296387;5.491090774536133
-0.062216758728027344;6.736572265625;1.5097532272338867
3.1081058979034424;4.013559341430664;-2.257150650024414
4.550835609436035;0.5501174926757813;-2.50917649269104
2.109802007675171;-2.183272361755371;-1.4733856916427612
0.8217921257019043;-5.115126609802246;-1.2096242904663086
1.0534803867340088;-6.468728065490723;-1.955859899520874
-0.31169652938842773;-7.671853065490723;-2.5187692642211914
-2.620785713195801;-8.19675350189209;-2.3451876640319824
-3.1784019470214844;-8.245820999145508;-2.6847736835479736
-1.4523639678955078;-6.854392051696777;-3.0355560779571533
-0.7163888216018677;-5.580375671386719;-3.578066825866699
-1.1370315551757813;-2.9744296073913574;-2.0857934951782227
-2.5509331226348877;1.0701494216918945;-1.5612415075302124
-4.266973972320557;4.526102066040039;-1.3364564180374146
-2.9298107624053955;10.172223091125488;-0.0991976261138916
-0.59845370054245;10.195878028869629;0.7725527286529541
-2.5661964416503906;10.22108268737793;1.9113097190856934
-5.7130937576293945;10.215719223022461;1.1337459087371826
-1.9385502338409424;10.228206634521484;1.1584038734436035
3.184941291809082;6.667296409606934;-0.15970194339752197
2.991569995880127;1.6547126770019531;-1.2506991624832153
1.05772066116333;-3.0847811698913574;-0.5436819791793823
0.9767279624938965;-6.462981700897217;-0.4626713991165161
1.4508435726165771;-9.03758430480957;-0.860165536403656
1.7227368354797363;-10.244535446166992;-1.930334448814392
1.554757833480835;-10.588569641113281;-1.692033290863037
1.5616374015808105;-10.421791076660156;-1.9308760166168213
0.8208913803100586;-9.852788925170898;-1.6439168453216553
0.9230147004127502;-8.948034286499023;-0.9455059170722961
1.7388848066329956;-6.697203636169434;-1.3101986646652222
-0.03599780797958374;-3.4710946083068848;-0.840117335319519
-0.4996931254863739;-0.27310943603515625;0.9950306415557861
-2.5868442058563232;5.013338088989258;2.819776773452759
-4.830038547515869;8.508411407470703;6.200833320617676
-4.4844489097595215;10.063060760498047;6.961938858032227
-3.405881881713867;10.053503036499023;5.788163185119629
-1.2372019290924072;10.07834529876709;4.5844011306762695
2.2417080402374268;9.363386154174805;5.1416473388671875
5.970434188842773;5.311727523803711;3.440194845199585
4.341713905334473;1.1076574325561523;1.3225407600402832
3.071277141571045;-3.23110294342041;-0.7367923259735107
1.6387407779693604;-6.959727764129639;-0.9246406555175781
1.3976445198059082;-9.287522315979004;-0.8262207508087158
1.0628812313079834;-9.96827507019043;-0.7041134834289551
0.030580133199691772;-10.36041259765625;-3.185671091079712
-0.08545038104057312;-9.284911155700684;-7.458744049072266
-0.286129891872406;-8.2825927734375;-4.903553009033203
0.15537907183170319;-7.7698822021484375;-1.1873128414154053
2.2149758338928223;-5.594378471374512;0.13519573211669922
4.320366859436035;0.3556241989135742;0.6218767166137695
4.088100433349609;4.822606086730957;1.8154587745666504
5.297697067260742;7.695696830749512;4.830038547515869
4.986334800720215;10.375741004943848;6.409864902496338
4.474839687347412;11.245579719543457;6.982728481292725
5.454233169555664;9.836553573608398;5.906557559967041
6.3100175857543945;6.805446624755859;3.0378212928771973
1.9989144802093506;2.2840304374694824;3.2281908988952637
-0.9005076885223389;-0.5806193351745605;2.8773398399353027
-0.8711307048797607;-1.8897361755371094;2.270949363708496
0.5787386894226074;-2.0995898246765137;0.3373899459838867
0.9202470779418945;-2.916713237762451;-0.19573068618774414
-0.15644121170043945;-4.02202033996582;0.23565912246704102
-1.0027823448181152;-4.85822868347168;-0.6795463562011719
-1.548845648765564;-5.6895246505737305;-2.139572858810425
-1.823768138885498;-6.0981245040893555;-3.6342110633850098
-2.0965988636016846;-6.144239902496338;-4.652950286865234
-2.411128282546997;-6.471111297607422;-4.304708003997803
-4.524453163146973;-6.660919189453125;-2.9542059898376465
-6.463916301727295;-4.132754802703857;-2.4130139350891113
-7.803216934204102;1.9642553329467773;-4.642930030822754
-4.679847717285156;6.724091529846191;0.8550620079040527
-3.369739294052124;5.980025768280029;11.81877326965332
-3.406257152557373;4.324005126953125;13.381195068359375
-4.503451824188232;5.548313617706299;11.78993034362793
-5.253604888916016;4.9555463790893555;7.16154146194458
-4.110708236694336;1.640176773071289;5.505073070526123
-2.894115447998047;-1.217674732208252;4.168155670166016
-0.39850950241088867;-2.4729104042053223;2.0780482292175293
1.3073177337646484;-3.374246597290039;-1.3001947402954102
1.8139541149139404;-4.497849464416504;-4.024458885192871
1.8176120519638062;-5.922266960144043;-3.6786582469940186
1.5884761810302734;-6.76676082611084;-2.9243812561035156
0.4113123118877411;-6.602748870849609;-5.499847888946533
0.6154197454452515;-6.0234375;-6.413583278656006
0.6856656670570374;-3.7508325576782227;-4.8426032066345215
2.0179481506347656;-0.714996337890625;-3.5712413787841797
3.4697494506835938;-4.411286354064941;-1.3057246208190918
0.287021279335022;1.01497220993042;-2.2983474731445313
1.3544367551803589;5.672794818878174;-3.097637176513672
4.271668910980225;8.950536727905273;1.151601791381836
2.790148973464966;8.413105964660645;3.090538501739502
4.2172393798828125;9.345788955688477;4.70701265335083
4.26797342300415;5.993173599243164;9.15068244934082
3.75810170173645;3.1545615196228027;9.598374366760254
1.4076054096221924;0.3279733657836914;7.165340900421143
0.9784592390060425;0.12273550033569336;1.040550708770752
1.1671123504638672;0.05733299255371094;-2.551069736480713
1.3000184297561646;-1.2344236373901367;-2.3214545249938965
-0.5417357683181763;-2.7568836212158203;-2.3437376022338867
-2.0579895973205566;-3.946889877319336;-4.268966197967529
-1.9086672067642212;-3.8135483264923096;-6.5294623374938965
-1.42549467086792;-3.4627904891967773;-6.573833465576172
-1.8118637800216675;-4.017475128173828;-3.5836777687072754
-1.898238182067871;-3.4797909259796143;-1.825796127319336
-3.751535177230835;-2.0862131118774414;-1.7201132774353027
-4.7343831062316895;0.16219568252563477;-1.6163434982299805
-0.8695982098579407;5.090005397796631;0.19710969924926758
3.282369613647461;7.902055263519287;4.512527942657471
4.001504421234131;6.176764011383057;8.196752548217773
1.6697940826416016;3.72589111328125;9.408626556396484
-1.0353740453720093;4.091495513916016;6.0407562255859375
-2.211883068084717;2.237704277038574;2.6444616317749023
-0.6207327842712402;1.6046319007873535;1.2374415397644043
0.9817901849746704;-0.14822149276733398;1.4617743492126465
1.3635988235473633;-1.5818891525268555;0.4498105049133301
1.2265756130218506;-2.4861555099487305;-0.8953413963317871
0.5094317197799683;-3.654932737350464;-2.037013530731201
-0.21655017137527466;-4.047765254974365;-4.434123516082764
-0.5870329737663269;-4.580544471740723;-6.223933696746826
-0.5522401332855225;-4.906855583190918;-6.9698004722595215
-0.17899692058563232;-4.9981279373168945;-5.545384883880615
-0.1831977367401123;-5.304353713989258;-2.871720552444458
-0.3254910707473755;-2.438291072845459;-1.3882570266723633
-2.236570358276367;0.47063350677490234;-1.9010777473449707
-1.553191900253296;4.168376445770264;-1.8195881843566895
0.3689700961112976;7.294644832611084;1.1059446334838867
0.5907531976699829;7.131256103515625;3.9288077354431152
-0.11110681295394897;6.548589706420898;7.655198097229004
0.37618517875671387;6.262716770172119;10.239727973937988
1.0392911434173584;4.802361011505127;9.643875122070313
0.9715015292167664;2.3297934532165527;6.780381679534912
0.8694620132446289;0.9539909362792969;1.189401626586914
1.4090335369110107;-0.43247461318969727;-2.264444351196289
1.3577361106872559;-2.349306106567383;-3.585451602935791
0.862309455871582;-4.55487585067749;-4.26425838470459
0.810772716999054;-5.784868240356445;-5.437373161315918
0.8408079147338867;-6.4316887855529785;-6.207738876342773
0.7336617112159729;-6.894685745239258;-6.328657150268555
0.7269497513771057;-6.544349193572998;-5.968906879425049
1.3440885543823242;-5.582684516906738;-4.121149063110352
0.2530179023742676;-2.0954818725585938;-0.927238941192627
-0.5048090219497681;0.4796586036682129;-0.43285036087036133
-1.1529834270477295;4.225899696350098;0.22032403945922852
-1.1011511087417603;5.729737281799316;3.3075027465820313
-1.1834181547164917;6.631583213806152;5.074709892272949
1.4125316143035889;8.071022033691406;7.366196632385254
4.990321159362793;6.14736795425415;12.266755104064941
4.043221473693848;4.390616416931152;10.131538391113281
1.8820964097976685;2.6895980834960938;4.872657299041748
0.44317686557769775;1.5979113578796387;-0.6578807830810547
0.8144626617431641;0.39897918701171875;-2.902085542678833
0.8534672260284424;-1.301656723022461;-2.393947124481201
0.10958194732666016;-3.282137155532837;-2.014221668243408
-0.0390622615814209;-4.672342300415039;-2.4859213829040527
-0.0888519287109375;-5.3627119064331055;-4.480598449707031
-0.1041116714477539;-5.533590316772461;-6.155403137207031
0.14474034309387207;-5.500835418701172;-5.868554592132568
-0.37711429595947266;-5.765602111816406;-3.3921589851379395
-0.8464970588684082;-3.802851676940918;-0.7946372032165527
-0.39952588081359863;-1.4489555358886719;2.282266616821289
-1.6523253917694092;2.2826342582702637;0.8423886299133301
-1.3762826919555664;5.65710973739624;0.5548410415649414
-1.928712248802185;6.464311599731445;1.768505573272705
-1.809757947921753;5.695954322814941;2.4146323204040527
-0.5919288396835327;3.6540937423706055;5.088298320770264
0.017354965209960938;0.11872243881225586;12.392396926879883
-0.44557762145996094;0.2013564109802246;10.044768333435059
0.40154147148132324;1.4213337898254395;2.9915294647216797
1.1299536228179932;1.44157075881958;-2.136496067047119
1.3564221858978271;0.053476810455322266;-3.8072078227996826
0.8343764543533325;-2.110212802886963;-3.567354917526245
0.09298980236053467;-3.4817214012145996;-4.691563606262207
-0.7426443099975586;-4.963105201721191;-5.388974189758301
-1.0867972373962402;-5.5873212814331055;-5.14716911315918
-0.8794581890106201;-5.3398942947387695;-3.5712313652038574
0.03577888011932373;-4.257777214050293;-2.706617593765259
0.5206583738327026;-0.4419403076171875;-2.3635740280151367
-0.9251179695129395;2.90665340423584;-2.1542916297912598
-0.7444612979888916;6.322055339813232;-0.7814884185791016
0.7142704725265503;7.111872673034668;3.9186315536499023
0.9204579591751099;5.882637977600098;8.257806777954102
0.17230820655822754;5.382302761077881;8.086090087890625
2.0013461112976074;4.515181541442871;5.927865505218506
2.073800563812256;2.65199613571167;3.785463809967041
1.5373735427856445;1.9215569496154785;0.9815096855163574
0.8802279233932495;0.8404850959777832;-2.210139274597168
-0.16522133350372314;-0.6959071159362793;-3.9312241077423096
-0.3379765748977661;-2.712885856628418;-3.696375608444214
-0.8919423222541809;-4.125354766845703;-3.238010883331299
-1.2690922021865845;-4.847567558288574;-4.230745315551758
-1.2651317119598389;-4.931399822235107;-5.770843982696533
-1.6060869693756104;-4.464015960693359;-5.413394451141357
-2.2890584468841553;-4.242395401000977;-1.422182559967041
-3.8344879150390625;-3.1866860389709473;2.002200126647949
-3.3091108798980713;-0.8734474182128906;3.488368511199951
-1.0999130010604858;3.679429531097412;2.8249807357788086
-0.18989874422550201;6.99645471572876;-0.0615696907043457
-0.8210124373435974;7.990841388702393;-1.353616714477539
-0.27257540822029114;7.179546356201172;0.7884440422058105
-0.534679114818573;3.1218276023864746;6.913100242614746
1.0340601205825806;-0.4447598457336426;9.414796829223633
0.624526858329773;-1.781874179840088;5.556480884552002
1.0423649549484253;-3.0310940742492676;1.9394497871398926
1.3832998275756836;-3.6253507137298584;-1.1490659713745117
1.3345900774002075;-4.673274040222168;-3.6974620819091797
2.022955894470215;-5.153501033782959;-5.371371269226074
2.5078186988830566;-4.9697771072387695;-6.656769752502441
2.51411771774292;-4.777593612670898;-6.367812633514404
2.559791088104248;-5.018899917602539;-4.612255573272705
1.5345172882080078;-4.859306812286377;-2.2215964794158936
-1.1888779401779175;-2.1227974891662598;-2.5607962608337402
-0.2301105260848999;0.9430298805236816;-2.105678081512451
1.9450819492340088;4.478726387023926;0.7229046821594238
1.5421772003173828;5.042721271514893;4.069477081298828
1.1288349628448486;4.493978500366211;6.504965305328369
1.469012975692749;4.026656627655029;9.720926284790039
3.6500117778778076;3.2216267585754395;10.154497146606445
2.291433572769165;1.9789490699768066;5.796381950378418
0.992760181427002;0.6599440574645996;2.483853340148926
1.2762014865875244;0.16893577575683594;-0.6954865455627441
1.1411287784576416;-0.23009014129638672;-2.829486846923828
0.3940868377685547;-1.2501263618469238;-3.5205602645874023
-0.5200893878936768;-2.4605331420898438;-3.548675060272217
-1.3727940320968628;-3.126943588256836;-3.520933151245117
-2.036289691925049;-3.367269515991211;-4.464481353759766
-1.9637250900268555;-3.123427391052246;-5.279552459716797
-0.996933102607727;-2.6204333305358887;-3.73185658454895
0.2914862632751465;-1.4226174354553223;-0.5908398628234863
1.0961923599243164;0.700005054473877;2.546602725982666
0.5252811908721924;3.8441247940063477;2.982149600982666
-0.569121241569519;6.311023235321045;2.126645565032959
-0.24316000938415527;4.638756275177002;5.375000476837158
0.508685827255249;3.115963935852051;9.925596237182617
2.460326671600342;1.8632540702819824;10.348287582397461
2.444524049758911;1.183699607849121;5.841627597808838
1.3210651874542236;-0.19716119766235352;2.376795768737793
0.3469388484954834;-1.1088647842407227;-0.7124099731445313
0.14270281791687012;-1.8176419734954834;-2.618971824645996
0.4826812744140625;-2.4473536014556885;-3.7326231002807617
1.0850491523742676;-2.6792151927948;-5.403217315673828
1.1811864376068115;-2.363292932510376;-7.7105536460876465
0.7844913005828857;-2.428586721420288;-8.686767578125
0.23114848136901855;-2.9283125400543213;-6.338288307189941
-0.33171510696411133;-3.970449686050415;-2.327284574508667
-2.284182071685791;-2.248497486114502;-0.7162585258483887
-3.422755479812622;0.22557735443115234;-0.48451852798461914
-2.1138675212860107;3.961233139038086;0.22554492950439453
0.3794379234313965;6.163730144500732;2.676253318786621
1.593956708908081;4.947783470153809;7.173976421356201
0.05090832710266113;3.6568517684936523;8.299114227294922
-1.757761836051941;4.245053768157959;5.273413181304932
-0.7722101211547852;3.6042799949645996;4.46185827255249
0.6346650123596191;1.4930567741394043;5.218638896942139
1.0866713523864746;0.05257081985473633;3.133805751800537
1.3347258567810059;-0.47370147705078125;0.5476560592651367
1.4220623970031738;-1.5478901863098145;-0.9074234962463379
1.1943919658660889;-2.606083869934082;-2.0442891120910645
0.41942906379699707;-3.6597490310668945;-2.806201934814453
-0.39899635314941406;-4.30904483795166;-3.6805837154388428
-1.2105435132980347;-4.801828861236572;-4.420953750610352
-1.284258246421814;-4.6873860359191895;-4.856708526611328
-1.087701678276062;-4.313335418701172;-5.043205738067627
-0.6710168123245239;-3.6152970790863037;-3.473662853240967
-2.0336499214172363;-1.2569794654846191;-2.182494640350342
-1.8196325302124023;1.9157958030700684;-1.2760586738586426
-0.025929927825927734;6.42011833190918;0.6302528381347656
1.4264616966247559;8.880674362182617;2.1750431060791016
4.195628643035889;5.898687839508057;10.405414581298828
4.7493743896484375;3.675795078277588;12.743242263793945
1.9762566089630127;4.461409091949463;7.601924419403076
0.7374470233917236;1.8860225677490234;5.338345050811768
0.042481184005737305;0.8695464134216309;2.9046969413757324
-0.3413088321685791;0.16321849822998047;-0.6516971588134766
-0.7647000551223755;-1.219935417175293;-3.8197789192199707
-1.0498467683792114;-2.526510238647461;-6.308218002319336
-1.470155119895935;-3.512101888656616;-8.117915153503418
-1.3030844926834106;-3.958221435546875;-9.384771347045898
-0.48741984367370605;-4.193615913391113;-8.862011909484863
0.21753621101379395;-4.555198669433594;-6.49195671081543
0.3141484260559082;-4.991572380065918;-3.1596853733062744
-0.5385909080505371;-4.059539794921875;-0.34465980529785156
-0.9504284858703613;-0.7083516120910645;-1.0642962455749512
-1.4964336156845093;2.999142646789551;-2.987196207046509
-0.8707995414733887;6.047763824462891;-1.0661578178405762
1.2629477977752686;5.263971328735352;4.088048934936523
4.2771759033203125;4.102635383605957;11.707307815551758
2.770655870437622;3.275740146636963;12.924158096313477
0.13631963729858398;3.8974270820617676;7.1454668045043945
1.1974866390228271;2.8340096473693848;4.3800153732299805
1.2202045917510986;1.2629504203796387;2.153578281402588
0.20207619667053223;-0.1075429916381836;-0.8470196723937988
-0.5212275981903076;-1.259894847869873;-3.230901002883911
-0.8545323610305786;-2.6889772415161133;-4.047843933105469
-1.4723237752914429;-3.730130195617676;-4.5564866065979
-1.9753227233886719;-4.092206954956055;-5.675837516784668
-1.841097354888916;-4.113088607788086;-5.440762519836426
-1.5609031915664673;-4.099367618560791;-3.4653706550598145
-1.3757576942443848;-2.7717185020446777;-0.058936119079589844
-1.8316080570220947;-1.2333784103393555;2.2508277893066406
-1.701565146446228;2.081918239593506;2.2276854515075684
0.590029239654541;5.391332149505615;3.236485481262207
2.279791831970215;5.909513473510742;5.995194911956787
1.7185540199279785;5.078604698181152;7.110793113708496
0.7398760318756104;4.62624454498291;6.790554046630859
1.3150339126586914;3.74066162109375;5.812729835510254
1.555940866470337;2.0234594345092773;4.120055675506592
1.1102285385131836;0.8042435646057129;2.0085878372192383
0.70003342628479;-0.09813356399536133;-0.34882688522338867
0.6429023742675781;-0.8360276222229004;-3.2708933353424072
-0.08893465995788574;-1.9121112823486328;-5.050864219665527
-1.4342899322509766;-3.110227584838867;-6.247025012969971
-1.9454421997070313;-3.765251874923706;-6.810150146484375
-1.6728839874267578;-3.850954294204712;-6.373379707336426
-0.7382278442382813;-3.314423084259033;-4.40476131439209
-0.45862698554992676;-2.9347848892211914;-1.7784271240234375
-1.5270373821258545;-1.767989158630371;0.09191370010375977
-2.253739833831787;1.0926265716552734;0.7518634796142578
-0.7219260931015015;5.457769393920898;1.53955078125
2.4237210750579834;8.414192199707031;4.6857008934021
3.3530144691467285;6.547481536865234;8.832559585571289
0.3396613597869873;3.722744941711426;9.80189323425293
-2.0627896785736084;3.967024326324463;6.243348121643066
-1.108594298362732;3.75294828414917;3.6897501945495605
1.1333192586898804;3.004481315612793;2.8967857360839844
1.7568118572235107;1.4641046524047852;1.438061237335205
1.4316083192825317;-0.17838764190673828;-0.7119383811950684
1.1016510725021362;-1.969933032989502;-2.524796962738037
0.6055951118469238;-3.6955740451812744;-3.853592872619629
-0.5610493421554565;-5.644679546356201;-5.257194995880127
-1.0480375289916992;-6.885436058044434;-6.0896830558776855
-1.046711802482605;-7.918430328369141;-6.492395877838135
-0.2294304370880127;-8.481325149536133;-5.551578044891357
0.1883314847946167;-8.724397659301758;-3.7060086727142334
0.3237658739089966;-7.98525857925415;-1.9180471897125244
-0.07483899593353271;-5.012678146362305;-0.4390988349914551
-1.1763559579849243;1.3070144653320313;-0.7054543495178223
0.45487451553344727;7.689126014709473;1.173241138458252
-2.0520918369293213;12.088811874389648;-0.02465343475341797
-4.611606597900391;12.15711784362793;-0.08395051956176758
-2.257179021835327;12.43663215637207;2.0054931640625
4.622384548187256;12.95340347290039;6.41190242767334
8.605887413024902;13.326042175292969;11.397823333740234
5.354759216308594;7.886830806732178;8.181047439575195
2.5571165084838867;1.7572951316833496;2.884392738342285
0.02894282341003418;-2.091214656829834;-3.455091714859009
-1.340371012687683;-6.81771183013916;-4.999030113220215
-1.6952556371688843;-11.408581733703613;-4.353187561035156
-2.5609850883483887;-12.948333740234375;-5.330808639526367
-2.8017477989196777;-13.367286682128906;-7.022774696350098
-2.043623447418213;-13.019708633422852;-6.023744106292725
-1.5201544761657715;-12.39069938659668;-3.208205223083496
-0.7414719462394714;-10.208229064941406;-3.041415214538574
-2.6161298751831055;-10.91030502319336;-1.8649334907531738
-1.6744520664215088;-6.426702499389648;-1.4065616130828857
-1.8690989017486572;-0.4248032569885254;-2.020540237426758
-0.914737343788147;5.200855255126953;-0.6677355766296387
-1.462103247642517;12.161674499511719;0.5834412574768066
-4.398186206817627;12.122785568237305;-1.606285572052002
-7.165404796600342;12.083516120910645;-6.572307586669922
-4.800841808319092;12.381263732910156;-2.7733516693115234
1.8983352184295654;12.950424194335938;9.17518424987793
4.627162933349609;10.113548278808594;12.50080680847168
3.3538026809692383;5.440978527069092;6.0510783195495605
3.555903434753418;-1.2775788307189941;0.9550466537475586
2.767770528793335;-5.861114501953125;-2.7447171211242676
1.3105833530426025;-10.427742004394531;-4.2518086433410645
-0.9083093404769897;-13.11959457397461;-5.580821990966797
-2.1476478576660156;-13.751724243164063;-6.182648658752441
-1.7493658065795898;-13.355964660644531;-5.290016174316406
-1.2398602962493896;-12.596982955932617;-4.068145751953125
-1.567163348197937;-11.649306297302246;-2.645059585571289
-1.3846639394760132;-10.168954849243164;-1.475360631942749
-1.918477177619934;-6.9622602462768555;-1.0276834964752197
-3.0917718410491943;0.07998132705688477;-3.84023118019104
-2.261007308959961;6.296338081359863;-1.9323501586914063
-0.439915269613266;11.395269393920898;0.41570234298706055
0.41178399324417114;11.495656967163086;1.1185879707336426
0.9836997985839844;11.781661987304688;3.6204171180725098
1.9437272548675537;12.067673683166504;8.740915298461914
2.836763381958008;12.348724365234375;9.219841003417969
4.334525108337402;10.708212852478027;6.718489170074463
4.473757266998291;4.24064826965332;3.2752676010131836
3.51560115814209;-1.4017271995544434;-0.1629652976989746
1.1874363422393799;-6.732006549835205;-1.971557378768921
-0.20458382368087769;-11.257442474365234;-2.1301426887512207
-1.3180899620056152;-14.079344749450684;-2.3236918449401855
-2.768113613128662;-13.665739059448242;-5.591150760650635
-2.9894192218780518;-12.852506637573242;-7.919798374176025
-2.500044345855713;-12.079764366149902;-8.407659530639648
-1.5999457836151123;-10.855894088745117;-7.8192057609558105
-0.7316279411315918;-8.24387264251709;-6.8601555824279785
-0.8684969544410706;-4.020717620849609;-6.201844215393066
-0.07170182466506958;2.667619228363037;-4.834494590759277
2.771273374557495;11.77408218383789;-2.2022852897644043
1.1261805295944214;11.991768836975098;-0.1383047103881836
0.6898252367973328;12.17756175994873;0.40146350860595703
6.885454177856445;12.479737281799316;4.359348297119141
10.520746231079102;12.690672874450684;7.797811031341553
8.635425567626953;12.491445541381836;5.393707275390625
4.480696678161621;4.3514509201049805;4.887064456939697
1.037144422531128;-1.491011619567871;2.0182251930236816
-1.1702609062194824;-6.316462993621826;-0.5694220066070557
-2.4121100902557373;-10.137216567993164;-2.4602744579315186
-3.4825398921966553;-12.967485427856445;-4.172059059143066
-4.109766483306885;-13.861766815185547;-5.338245868682861
-3.8154635429382324;-14.00428581237793;-5.470731258392334
-2.738757371902466;-12.750926971435547;-5.048516273498535
-1.8154373168945313;-11.220220565795898;-4.018747806549072
-1.9691758155822754;-9.021086692810059;-2.975673198699951
-2.9998340606689453;-6.130315780639648;-1.5870306491851807
-3.7404727935791016;0.6027965545654297;-1.6766700744628906
-1.4554685354232788;7.899425506591797;0.0818033218383789
0.11966252326965332;11.303436279296875;-0.3661808967590332
-0.04027152061462402;11.39056396484375;0.2857036590576172
1.8416264057159424;11.764899253845215;5.591150760650635
3.150618314743042;12.146743774414063;10.741130828857422
4.657779693603516;8.138351440429688;8.420833587646484
6.764395236968994;3.0344505310058594;3.9786925315856934
4.935819149017334;-0.9448986053466797;-1.2810697555541992
2.114314317703247;-5.566462993621826;-4.278749942779541
-0.21404695510864258;-9.946420669555664;-5.26362419128418
-2.2070257663726807;-13.010438919067383;-5.149906158447266
-5.8663482666015625;-13.408588409423828;-6.640308380126953
-7.110933303833008;-12.879955291748047;-7.303275108337402
-6.764041900634766;-11.381503105163574;-6.3873162269592285
-4.695666313171387;-9.075533866882324;-4.320008277893066
-3.164762020111084;-5.538556098937988;-2.728994846343994
-2.496582508087158;-0.3433413505554199;-2.6876142024993896
-1.9696476459503174;6.789846420288086;-2.264317035675049
-0.018399834632873535;10.95942497253418;-1.0012645721435547
2.0009193420410156;11.008075714111328;0.8984036445617676
3.4107017517089844;11.165877342224121;5.134228706359863
0.8041419982910156;11.363402366638184;7.113672733306885
-1.4875503778457642;11.551092147827148;5.709566116333008
-1.4658184051513672;8.893759727478027;2.950099468231201
0.03479659557342529;3.572981834411621;1.6933741569519043
1.6065505743026733;-0.5855627059936523;-0.2762460708618164
2.188951015472412;-4.132366180419922;-1.2844905853271484
1.642457127571106;-7.445187568664551;-1.9751267433166504
0.7007002830505371;-10.638992309570313;-2.594022750854492
0.09538954496383667;-12.27078914642334;-2.409045696258545
-0.3600321412086487;-13.124663352966309;-2.59889554977417
-0.5023396015167236;-12.87488079071045;-4.0707621574401855
-0.20166970789432526;-11.555651664733887;-5.706436634063721
-0.11860767006874084;-9.993328094482422;-5.8942108154296875
0.3439067006111145;-7.28074836730957;-4.950172424316406
-1.6934937238693237;-2.4083399772644043;-4.384603977203369
-1.5359551906585693;3.9596633911132813;-2.9264276027679443
-0.4908364415168762;10.554405212402344;1.3197925090789795
-1.1992980241775513;10.710704803466797;3.3502869606018066
1.317445158958435;10.903172492980957;5.716122150421143
5.171696662902832;11.312478065490723;10.025260925292969
6.364081859588623;11.624649047851563;9.77120590209961
5.487238883972168;8.182095527648926;6.1175031661987305
3.226459503173828;2.8495960235595703;3.2597246170043945
0.6308927536010742;-1.7871766090393066;0.11143779754638672
-0.8016482591629028;-5.569151878356934;-0.8726825714111328
-1.1174819469451904;-8.376205444335938;-0.9387483596801758
-1.2583978176116943;-10.292631149291992;-1.4150395393371582
-1.718360424041748;-10.812312126159668;-2.475090503692627
-1.7760474681854248;-10.226701736450195;-4.235757350921631
-0.9875065088272095;-9.068817138671875;-4.470048427581787
0.1293487548828125;-8.388038635253906;-2.563225269317627
0.3479633331298828;-7.995082378387451;-1.6317639350891113
-0.2232222557067871;-7.376082420349121;-1.5954911708831787
-0.7299326062202454;-5.755003452301025;-1.2148528099060059
-2.9751720428466797;-1.3195252418518066;-2.545156717300415
-3.1143271923065186;2.898900032043457;-1.2972631454467773
-1.5159976482391357;8.430777549743652;0.8164219856262207
-1.7052122354507446;11.549585342407227;1.7549967765808105
-1.5670067071914673;11.648994445800781;3.3040499687194824
-0.6349886655807495;11.986980438232422;6.426206111907959
3.1222386360168457;12.332443237304688;9.787961959838867
5.686440467834473;10.049735069274902;9.142547607421875
4.171544075012207;6.2290568351745605;5.322274208068848
2.516172170639038;1.265760898590088;2.3330116271972656
0.24288547039031982;-1.990631103515625;-0.2231597900390625
-0.746088981628418;-4.872657775878906;-1.5411691665649414
-0.8963213562965393;-7.04509973526001;-2.363642454147339
-1.2453166246414185;-8.012399673461914;-3.4129507541656494
-1.5591647624969482;-8.90196704864502;-5.04604434967041
-1.3962270021438599;-9.291223526000977;-6.063090801239014
-0.3472154140472412;-9.104654312133789;-5.551670074462891
-0.2347487211227417;-9.12554931640625;-4.486897945404053
-0.41046154499053955;-8.968387603759766;-3.9924116134643555
-0.7358920574188232;-8.006536483764648;-3.2026267051696777
-1.0511484146118164;-6.014834403991699;-1.728058099746704
-4.0271782875061035;-1.764207363128662;-2.4759068489074707
-2.263469696044922;2.0537967681884766;-2.047882318496704
0.6403840780258179;4.69503116607666;2.0683445930480957
0.8821015357971191;5.919901371002197;8.810599327087402
-0.6306132078170776;5.852567672729492;11.531793594360352
-2.004286766052246;7.501357555389404;10.013341903686523
-2.334836959838867;8.17615795135498;8.268218040466309
-0.4952040910720825;7.693896293640137;6.26686429977417
1.3808445930480957;4.589334011077881;5.115736484527588
2.7431232929229736;1.6776924133300781;4.090922832489014
1.7517189979553223;-0.5642457008361816;1.4679765701293945
-0.21645665168762207;-2.135371685028076;-0.5867204666137695
-0.3498117923736572;-3.5421652793884277;-1.370467185974121
0.02946019172668457;-4.00825309753418;-0.9292988777160645
0.44262170791625977;-3.906503915786743;-1.4115839004516602
1.0223636627197266;-2.622246503829956;-2.044739246368408
-0.551398515701294;-3.243908405303955;-2.4341635704040527
0.6571460366249084;-2.893237352371216;-3.8214097023010254
-1.0669851303100586;-0.6410274505615234;-3.461075782775879
-1.3225957155227661;-1.0602922439575195;-3.796576499938965
-0.9031069278717041;1.6403250694274902;-0.36491918563842773
-0.6032397747039795;0.4999380111694336;1.511465072631836
12.098525047302246;9.060678482055664;2.3620896339416504
0.45386970043182373;-0.8955073356628418;1.6002225875854492
-2.316538095474243;-0.08784961700439453;3.5294265747070313
-1.4730550050735474;-1.8104519844055176;5.728868007659912
-1.1761033535003662;-1.1665592193603516;4.544571876525879
-0.07034742832183838;-0.004787445068359375;-0.679563045501709
0.14710426330566406;-0.20323610305786133;-3.01694393157959
-1.6103007793426514;-0.06562376022338867;-3.291738271713257
-1.5314114093780518;-0.41042327880859375;-1.2301287651062012
0.12235182523727417;0.34755659103393555;2.9332504272460938
0.2692246437072754;-2.0926504135131836;1.061020851135254
-0.5857005715370178;-1.7679247856140137;2.29547119140625
-0.185011088848114;1.0667290687561035;2.2530360221862793
-0.5073195695877075;0.6916437149047852;-0.6884751319885254
0.18108969926834106;0.9421553611755371;-0.09300422668457031
-0.18167918920516968;1.131462574005127;0.31395435333251953
-0.4043406546115875;1.2705464363098145;0.8241434097290039
-1.2565945386886597;-0.3912320137023926;0.7911300659179688
-0.8223594427108765;0.05883502960205078;0.9589672088623047
0.15826046466827393;0.1935582160949707;-0.025302410125732422
0.485476553440094;-0.4630551338195801;-0.0637202262878418
0.23369860649108887;-0.7183599472045898;0.22801828384399414
0.3765769600868225;-0.5663213729858398;-0.061171531677246094
1.674117088317871;-1.8692176342010498;1.5460143089294434
-1.915839433670044;1.4850168228149414;0.01961040496826172
-1.5924153327941895;0.9010629653930664;-0.1360173225402832
-0.5866581797599792;-0.2407245635986328;0.6741189956665039
-0.27334392070770264;-0.47728443145751953;0.9349541664123535
-0.35672423243522644;-0.4216761589050293;0.824833869934082
-0.10048109292984009;0.16071414947509766;0.2846064567565918
-0.25187236070632935;0.10193490982055664;-0.49501752853393555
-0.6006075143814087;0.1649918556213379;-0.3750157356262207
-0.7908461689949036;0.32706594467163086;0.022594928741455078
-0.6586255431175232;0.2656397819519043;0.0273284912109375
-0.5236793160438538;0.29959678649902344;0.2414393424987793
-0.5334492921829224;0.5367279052734375;0.19920587539672852
-0.4280562102794647;0.7081704139709473;-0.08832359313964844
-0.2780515253543854;0.6099133491516113;0.05401134490966797
-0.17615531384944916;0.580467700958252;-0.08273792266845703
-0.3272659182548523;0.6198563575744629;-0.2364521026611328
-0.35812199115753174;0.5829806327819824;-0.3870511054992676
-0.3424938917160034;0.4287843704223633;-0.40212059020996094
-0.49171528220176697;0.360867977142334;-0.43521976470947266
-0.38661855459213257;0.34778928756713867;-0.5777111053466797
-0.2567380964756012;0.2811269760131836;-0.4697747230529785
-0.2384720742702484;0.3583564758300781;-0.2758755683898926
-0.02768266201019287;0.20907306671142578;-0.005051136016845703
-0.06465774774551392;-0.010588645935058594;0.3162064552307129
0.04970601201057434;0.14028167724609375;0.23376703262329102
0.0400540828704834;0.23705816268920898;-0.04590034484863281
0.12652093172073364;0.2775707244873047;0.0484614372253418
-0.41376930475234985;0.5832014083862305;-0.6469435691833496
-0.29440441727638245;0.09322929382324219;-0.0049724578857421875
-0.03307604789733887;0.1965780258178711;0.4059147834777832
-0.005893737077713013;0.35615062713623047;0.13502120971679688
-0.04657149314880371;0.29903173446655273;-0.022919178009033203
-0.12611058354377747;0.19147396087646484;-0.031528472900390625
-0.13254213333129883;0.2844734191894531;0.20543146133422852
0.14346620440483093;0.09967374801635742;0.5346479415893555
0.1569116711616516;0.15999603271484375;0.38825082778930664
0.18570026755332947;0.2846202850341797;-0.021607398986816406
0.10552051663398743;0.27594614028930664;-0.08956098556518555
0.14006869494915009;0.1131601333618164;0.06784629821777344
0.21856823563575745;0.06412887573242188;-0.027364730834960938
