0.024484574794769287;0.14704549312591553;0.32471752166748047
0.025932788848876953;0.2135624885559082;0.3442869186401367
-0.05077701807022095;0.10708761215209961;0.3510456085205078
-0.03569984436035156;0.008703231811523438;0.26963233947753906
-0.07312357425689697;-0.1237189769744873;0.3678455352783203
-0.09213423728942871;-0.020131707191467285;0.3187408447265625
-0.11759132146835327;-0.006524205207824707;0.28484153747558594
-0.06927734613418579;0.05375218391418457;0.33490753173828125
-0.13127940893173218;0.11970722675323486;0.41075706481933594
-0.018837273120880127;0.16938769817352295;0.3296794891357422
0.07703548669815063;0.29920506477355957;0.40460968017578125
0.060154736042022705;0.23553407192230225;0.3442392349243164
0.026530027389526367;0.03970980644226074;0.4374103546142578
0.06599646806716919;0.10594356060028076;0.30613136291503906
-0.05957186222076416;-0.0038368701934814453;0.14778709411621094
-0.09671223163604736;-0.2668994665145874;0.28360748291015625
-0.13372504711151123;-0.09833800792694092;0.34315013885498047
-0.048787057399749756;0.12810397148132324;0.32382678985595703
-0.09136763215065002;0.15726089477539063;0.27799224853515625
-0.04123497009277344;-0.1522310972213745;0.3763561248779297
0.18603047728538513;-1.2746641635894775;-0.5591135025024414
-0.5522417426109314;0.157196044921875;0.009388923645019531
-1.1148117780685425;0.5837363004684448;1.6546955108642578
-0.5452802777290344;0.550859808921814;1.4569177627563477
-0.8906592130661011;0.07465791702270508;0.5273895263671875
-0.4893731474876404;0.08198082447052002;0.34884166717529297
-0.8976207375526428;-0.3190928101539612;-0.4154787063598633
-0.6890716552734375;-0.11777359247207642;-0.4271516799926758
-0.4460289478302002;-0.24261632561683655;0.32491397857666016
-0.5062262415885925;-0.3001050353050232;0.22870254516601563
0.11748456954956055;-0.37889429926872253;0.1287851333618164
0.4351760745048523;-0.09093931317329407;0.5145864486694336
0.2829332947731018;-0.01625269651412964;0.2726573944091797
0.2856205701828003;0.1185089647769928;0.40354061126708984
0.36538803577423096;-0.052485257387161255;0.6717081069946289
0.5979694724082947;0.1662236899137497;1.1805229187011719
0.19614046812057495;0.10995596647262573;1.204848289489746
0.7194706201553345;0.11090727150440216;0.8480806350708008
1.3074777126312256;0.015337467193603516;0.52618408203125
1.593555212020874;-0.034450531005859375;0.5395240783691406
2.332045078277588;-0.151187002658844;0.27550315856933594
2.6705923080444336;-0.20821623504161835;0.13004302978515625
2.921225070953369;-0.38753676414489746;0.33543872833251953
3.21193265914917;-0.3646547794342041;0.7274389266967773
2.8691539764404297;-0.32959896326065063;0.6139345169067383
2.440378189086914;-0.33391711115837097;0.6275548934936523
2.662692070007324;-0.4266888499259949;0.39678382873535156
1.8360729217529297;-0.5583770871162415;-0.3247699737548828
-0.9617595672607422;-0.5888218879699707;-0.4387197494506836
-2.598118305206299;-0.4041486978530884;0.26477909088134766
-3.446422576904297;-0.3126721680164337;0.84454345703125
-4.872520923614502;-0.09562259912490845;0.8972539901733398
-5.037106990814209;0.16133224964141846;0.8046836853027344
-4.100281238555908;0.3542035222053528;0.9611911773681641
-3.6070640087127686;0.4441295266151428;0.7677545547485352
-2.882814407348633;0.48875510692596436;0.4730558395385742
-2.198707103729248;0.2619977593421936;-0.4628286361694336
-1.1071277856826782;-0.11145621538162231;-0.8196649551391602
0.023591458797454834;-0.21117688715457916;-0.7688188552856445
0.42672252655029297;-0.23606184124946594;0.13209152221679688
-0.467490553855896;-0.08048773556947708;1.2643623352050781
-1.5956765413284302;0.219262033700943;1.8507633209228516
-2.2729413509368896;-0.050850462168455124;1.2384395599365234
-1.615159273147583;-0.1508484184741974;0.6046695709228516
-1.7354438304901123;0.0488935187458992;1.3525514602661133
-2.091399669647217;0.10293325036764145;1.97930908203125
-0.9003556370735168;-0.05195639654994011;2.203213691711426
0.916555643081665;-0.14765389263629913;2.1394758224487305
2.3992865085601807;-0.5732100009918213;0.7071123123168945
3.747605562210083;-0.8727867603302002;-0.6699314117431641
3.7437593936920166;-0.7551165819168091;-0.8916025161743164
3.5804293155670166;-0.7613973617553711;-0.06232166290283203
3.313419818878174;-0.6803795099258423;0.41391849517822266
3.4251654148101807;-0.5990981459617615;0.2809915542602539
3.2889933586120605;-0.6207282543182373;-0.2025442123413086
2.8159284591674805;-0.543472170829773;-0.5489091873168945
2.106818675994873;-0.6847942471504211;-0.6015691757202148
1.7781387567520142;-0.6354256272315979;0.25983333587646484
1.7825698852539063;-0.5745593309402466;1.8180789947509766
2.8218374252319336;-0.29996761679649353;3.032512664794922
2.726703405380249;-0.21569211781024933;2.7145090103149414
1.0458260774612427;-0.3868311941623688;0.8712472915649414
-0.3722991347312927;-0.43024852871894836;-0.43070507049560547
-2.1435718536376953;-0.3015937805175781;-0.5316143035888672
-3.3160476684570313;-0.21289806067943573;0.37767505645751953
-3.1905298233032227;0.05155301094055176;0.8015851974487305
-2.860790729522705;0.1134667694568634;0.747502326965332
-2.5641448497772217;0.17926549911499023;0.5247526168823242
-2.687657594680786;0.10048413276672363;0.07890892028808594
-2.0528814792633057;0.10615372657775879;0.04954814910888672
-1.2729849815368652;0.13542214035987854;0.22746753692626953
-1.1217055320739746;0.039434731006622314;-0.16670894622802734
-0.6297397613525391;-0.002485811710357666;-0.25852203369140625
-0.4419352412223816;-0.04986676573753357;-0.13805294036865234
-0.005630135536193848;-0.07429090142250061;0.24117660522460938
-0.14780288934707642;-0.11932510137557983;0.34528541564941406
0.18289101123809814;-0.16440242528915405;0.4439277648925781
0.3424229621887207;-0.15173107385635376;0.3964042663574219
0.21861624717712402;-0.11498603224754333;0.6280069351196289
0.2957233190536499;-0.0779644250869751;0.873626708984375
0.1372004747390747;-0.06539008021354675;0.6345071792602539
0.20669102668762207;-0.08447042107582092;0.2921562194824219
0.27544736862182617;-0.08792003989219666;0.19391918182373047
0.36888957023620605;-0.027985870838165283;0.3970623016357422
0.3253016471862793;-0.13263863325119019;0.46350955963134766
0.20171546936035156;-0.10888159275054932;0.3852834701538086
0.155326247215271;-0.08268246054649353;0.3941831588745117
0.36035943031311035;-0.1696685254573822;0.4560365676879883
0.4786078929901123;-0.12961772084236145;0.5560693740844727
0.6685417890548706;-0.16244077682495117;0.4787731170654297
1.14202082157135;-0.23664818704128265;0.22505474090576172
1.7447658777236938;-0.3753897547721863;-0.07558250427246094
1.4618127346038818;-0.507697582244873;-0.29930591583251953
0.1722170114517212;-0.4423907697200775;0.2613706588745117
-0.6265148520469666;-0.2241089791059494;0.9078559875488281
-0.8711405396461487;-0.07749176025390625;0.9869384765625
-0.8701310157775879;-0.14034485816955566;0.6865816116333008
-1.5251089334487915;-0.15906786918640137;0.21747779846191406
-2.4169082641601563;0.0918697714805603;0.6937370300292969
-2.5240554809570313;0.28038638830184937;1.3837318420410156
-1.9036107063293457;0.298625111579895;1.3238449096679688
-1.4145584106445313;0.2775460481643677;0.6951017379760742
-0.9127469658851624;0.17839837074279785;-0.01737689971923828
-0.512596070766449;-0.02244967222213745;-0.5007963180541992
-0.6048581004142761;-0.04914140701293945;-0.35884857177734375
-0.9662256836891174;-1.0401010513305664E-4;0.02884674072265625
-1.488680362701416;0.07346934080123901;0.4444293975830078
-2.6307742595672607;0.25870269536972046;0.5228757858276367
-3.2913148403167725;0.19545668363571167;0.2642993927001953
-3.2172152996063232;-0.017603754997253418;-0.07848548889160156
-2.1422572135925293;-0.16477346420288086;0.1942892074584961
-1.3686141967773438;-0.33345556259155273;0.6097831726074219
0.18271377682685852;-0.6722028255462646;1.127762794494629
2.40575909614563;-0.7254108786582947;1.571639060974121
3.566044569015503;-0.7537505626678467;1.5197954177856445
3.4616570472717285;-0.8747076988220215;0.8597221374511719
3.6496360301971436;-0.9666761755943298;0.6958894729614258
3.599147319793701;-0.8023860454559326;0.9816703796386719
3.1393234729766846;-0.6799178123474121;0.9901742935180664
2.613198757171631;-0.5808767080307007;0.5771551132202148
2.32631254196167;-0.5144668221473694;-0.06015777587890625
1.7296350002288818;-0.464794784784317;-0.6625185012817383
0.8654500246047974;-0.38337257504463196;-0.6792526245117188
0.18164831399917603;-0.32991838455200195;-0.2103862762451172
-0.1348225474357605;-0.32169562578201294;0.16679859161376953
-0.16773980855941772;-0.21832504868507385;1.0869426727294922
0.4057004451751709;-0.059049203991889954;1.604522705078125
0.6075273156166077;-0.13513311743736267;1.4212265014648438
0.9920933842658997;-0.3210698962211609;0.6127748489379883
1.5141313076019287;-0.44329923391342163;0.1286172866821289
2.099773406982422;-0.4545520544052124;-0.011167526245117188
1.932172179222107;-0.4988805651664734;-0.003658294677734375
1.452083706855774;-0.5229642391204834;0.11780166625976563
0.5134567022323608;-0.5764331817626953;-0.05431938171386719
-1.5019164085388184;-0.6318286061286926;-0.16852855682373047
-3.266812324523926;-0.2593182921409607;0.535740852355957
-3.7904603481292725;-0.0527169406414032;0.9861631393432617
-4.008986473083496;0.14967721700668335;1.259385108947754
-3.3013229370117188;0.25499704480171204;1.2353477478027344
-2.187948226928711;0.17433375120162964;1.024765968322754
-0.9845156669616699;0.17236894369125366;0.618377685546875
-0.5631188750267029;0.18872928619384766;0.43543338775634766
-1.044621229171753;0.10003527998924255;0.024408340454101563
-1.4161216020584106;0.16820764541625977;-0.28568458557128906
-1.629560947418213;0.11413070559501648;-0.39075756072998047
-1.326705813407898;0.15825363993644714;-0.08720016479492188
-1.5330207347869873;0.17263725399971008;0.1293773651123047
-1.8086919784545898;0.22108414769172668;0.31249427795410156
-2.3294174671173096;0.24318036437034607;0.40857696533203125
-2.666069984436035;0.13623708486557007;0.39593982696533203
-1.9163787364959717;-0.07218483090400696;0.3239116668701172
-0.8454359173774719;-0.13635993003845215;0.5789852142333984
0.06221926212310791;-0.28834766149520874;0.6980571746826172
1.176100730895996;-0.6846994757652283;0.20835113525390625
2.205502510070801;-0.787177562713623;0.4810905456542969
2.9438259601593018;-0.7753818035125732;1.1050519943237305
3.1632046699523926;-0.8240340948104858;1.2842893600463867
2.952730417251587;-0.7591838836669922;1.2309446334838867
2.3590145111083984;-0.5923823118209839;0.9605607986450195
1.7469815015792847;-0.5463200211524963;0.6664962768554688
1.5161398649215698;-0.5167495012283325;0.39431190490722656
1.0947295427322388;-0.39593008160591125;0.2584104537963867
0.5323655605316162;-0.27718204259872437;0.41663646697998047
0.1973854899406433;-0.18860243260860443;0.2929239273071289
-0.19178108870983124;-0.1472773551940918;0.07949352264404297
-0.23212307691574097;-0.06075969338417053;0.2639045715332031
-0.38260072469711304;0.01550242304801941;0.35024261474609375
-0.2717477083206177;0.009330928325653076;0.4584627151489258
-0.019915372133255005;-0.03974822163581848;0.5106430053710938
0.3101242780685425;-0.1323583424091339;0.37238216400146484
0.9850871562957764;-0.18163736164569855;0.3719520568847656
1.7062455415725708;-0.3826313614845276;0.22275829315185547
1.9486591815948486;-0.44690653681755066;0.33988189697265625
2.3953747749328613;-0.5138865113258362;0.4623384475708008
2.9097366333007813;-0.6089863777160645;0.4078054428100586
2.752534866333008;-0.6495199203491211;0.3669910430908203
2.153022050857544;-0.6238864660263062;0.2569150924682617
0.5731409788131714;-0.49686041474342346;0.5411252975463867
-1.0152735710144043;-0.22549137473106384;1.1518630981445313
-1.1993850469589233;-0.12803500890731812;0.9664840698242188
-2.11295747756958;-0.10255250334739685;0.17331886291503906
-3.1484291553497314;-0.0543212890625;0.04386425018310547
-3.398730754852295;0.08623728156089783;0.7253293991088867
-3.2068729400634766;0.19879040122032166;1.3989181518554688
-2.394914150238037;0.2222706377506256;1.297698974609375
-1.8106744289398193;0.1474873125553131;0.5132122039794922
-1.4127048254013062;0.0980786681175232;-0.03173637390136719
-1.3276060819625854;0.10568875074386597;-0.03644561767578125
-1.4290155172348022;0.1338292956352234;-0.05101585388183594
-1.336472511291504;0.06461209058761597;-0.1591472625732422
-1.285449504852295;0.04288077354431152;-0.40588951110839844
-1.062590479850769;0.02584981918334961;-0.2604398727416992
-1.145263671875;-0.015766888856887817;-0.075042724609375
-1.4359779357910156;0.007741481065750122;0.21405601501464844
-1.4517314434051514;-0.03575053811073303;0.3918008804321289
-1.9153730869293213;0.07015198469161987;0.6749696731567383
-2.5348734855651855;-0.04231339693069458;0.8881406784057617
-1.5779674053192139;-0.14217451214790344;1.08270263671875
-0.27654191851615906;-0.01227480173110962;1.1967191696166992
0.425228476524353;-0.18823279440402985;0.865788459777832
1.174558162689209;-0.5507071018218994;0.2512960433959961
2.2378761768341064;-0.7131482362747192;0.4774599075317383
2.8684794902801514;-0.6076080203056335;1.0304327011108398
2.6056346893310547;-0.5891873836517334;1.0299768447875977
2.507411241531372;-0.7135917544364929;0.756011962890625
2.3557350635528564;-0.5643177032470703;0.746769905090332
2.0463790893554688;-0.4591057300567627;0.6946678161621094
1.6764605045318604;-0.404898464679718;0.42142581939697266
1.1145286560058594;-0.3846282362937927;0.08792591094970703
0.7673762440681458;-0.2973640263080597;0.2534618377685547
0.8618911504745483;-0.158147394657135;0.4815950393676758
0.42457127571105957;-0.1301112174987793;0.22680187225341797
0.22772370278835297;-0.16997253894805908;0.015625
0.5142197012901306;-0.24663354456424713;0.09927082061767578
0.8746671080589294;-0.2709278464317322;0.22539234161376953
1.532226324081421;-0.3615683615207672;0.4270954132080078
2.4613564014434814;-0.5492669343948364;0.6026020050048828
2.8217685222625732;-0.5127414464950562;1.133366584777832
2.2118117809295654;-0.5724995136260986;1.4401178359985352
1.4010159969329834;-0.5243849158287048;1.4538087844848633
0.8429586887359619;-0.45461899042129517;1.2974729537963867
0.10148298740386963;-0.39511269330978394;0.9919204711914063
-1.2674763202667236;-0.3099730610847473;0.2934226989746094
-3.0228333473205566;-0.23637425899505615;0.133697509765625
-3.737306594848633;0.04446756839752197;0.6595315933227539
-3.3110764026641846;0.24694395065307617;0.9979829788208008
-2.928896903991699;0.23616230487823486;0.604945182800293
-2.5669918060302734;0.20619291067123413;-0.0827779769897461
-2.2600598335266113;0.19657158851623535;-0.6347980499267578
-1.8279035091400146;0.17594796419143677;-0.7510948181152344
-1.2807716131210327;0.17003071308135986;-0.4591360092163086
-0.9983609914779663;0.14601832628250122;-0.2757120132446289
-1.144928216934204;0.02313530445098877;-0.47896766662597656
-1.3241119384765625;0.05255234241485596;-0.4812297821044922
-1.1884433031082153;0.020442485809326172;-0.06550884246826172
-1.3770480155944824;0.0393252968788147;0.47464752197265625
-1.4394209384918213;0.13051950931549072;0.9136190414428711
-1.671398639678955;0.12286072969436646;0.8531608581542969
-1.518092155456543;0.07092607021331787;1.008387565612793
-0.9946432113647461;0.1293792724609375;0.850407600402832
-0.5141935348510742;-0.0834757387638092;0.4962120056152344
-0.5642175674438477;-0.1468113362789154;0.47774791717529297
-0.5621424913406372;-0.1581457257270813;0.8481121063232422
-0.1752147078514099;-0.1631908118724823;1.216766357421875
1.0668563842773438;-0.30869871377944946;1.0570507049560547
1.8162431716918945;-0.5256208777427673;0.4702568054199219
2.720576047897339;-0.5213475823402405;0.44309139251708984
2.475076198577881;-0.48704347014427185;0.4785175323486328
1.873002052307129;-0.5719273686408997;0.1868581771850586
1.8030129671096802;-0.6100029945373535;-0.21986007690429688
1.9058395624160767;-0.4870952367782593;-0.08528327941894531
1.6884427070617676;-0.38004207611083984;0.16595745086669922
1.2278252840042114;-0.3229812681674957;0.34245777130126953
0.7100156545639038;-0.2561594843864441;0.35953330993652344
0.225538432598114;-0.11236882209777832;0.6412191390991211
0.13667666912078857;-0.0213468074798584;0.7584562301635742
0.15593954920768738;0.025160551071166992;0.7934160232543945
0.4240677058696747;-0.021086275577545166;0.6346473693847656
0.7070984840393066;-0.08313629031181335;0.5670404434204102
1.60113525390625;-0.3493228256702423;0.3269920349121094
3.0133814811706543;-0.4429229497909546;0.33985137939453125
3.4572184085845947;-0.5355062484741211;0.6742839813232422
3.4145283699035645;-0.60518479347229;0.9336977005004883
3.3898515701293945;-0.6286835074424744;1.095656394958496
1.8994368314743042;-0.49232301115989685;0.962249755859375
-0.4002816379070282;-0.24446451663970947;0.8360424041748047
-2.9693660736083984;-0.07967007160186768;0.4077415466308594
-5.678849220275879;0.3085020184516907;0.14194965362548828
-7.210580825805664;0.498704195022583;-0.12364578247070313
-7.423122406005859;0.581470787525177;-0.1762256622314453
-6.376138687133789;0.6800737977027893;0.3162059783935547
-5.033262729644775;0.3991292715072632;-0.10487651824951172
-3.3532395362854004;-0.10131233930587769;-0.6998968124389648
-0.7873172760009766;-0.4720652103424072;-0.6147975921630859
1.2561849355697632;-0.6849055886268616;0.01937580108642578
3.340728759765625;-0.9674100875854492;0.8975858688354492
5.048807621002197;-1.192863941192627;1.1009912490844727
6.6005988121032715;-1.3469536304473877;0.9343013763427734
7.041135787963867;-1.1768056154251099;0.958439826965332
6.667582035064697;-0.9476163387298584;1.5753793716430664
4.705687999725342;-0.759846031665802;1.2639045715332031
1.7994861602783203;-0.6501785516738892;1.0216093063354492
-1.1621991395950317;-0.3106409013271332;0.8884925842285156
-2.8898367881774902;-0.02468124032020569;0.22803306579589844
-4.778501987457275;0.16040611267089844;-0.5799360275268555
-5.787703514099121;0.3371197581291199;-0.383270263671875
-6.235411643981934;0.6340327262878418;0.39636993408203125
-6.152290344238281;0.7897865772247314;0.6075220108032227
-5.516167640686035;0.6723880767822266;0.0090179443359375
-4.402375221252441;0.30570101737976074;-0.6827974319458008
-2.701402425765991;0.014676183462142944;-0.4429292678833008
-0.8077450394630432;-0.21379391849040985;0.21480464935302734
0.47575491666793823;-0.5061420798301697;0.9308900833129883
2.0352683067321777;-0.7456263303756714;1.426070213317871
4.1269731521606445;-0.9489792585372925;0.8620710372924805
5.39824104309082;-1.143114447593689;-0.07480621337890625
6.116089344024658;-1.2132700681686401;0.0899648666381836
6.742073059082031;-1.1815532445907593;1.059443473815918
6.546689033508301;-0.9819202423095703;1.2442903518676758
4.800804138183594;-0.9005774855613708;1.0640316009521484
2.2488412857055664;-0.6973010897636414;1.0468358993530273
0.24328964948654175;-0.5243330597877502;0.9424314498901367
-1.764214277267456;-0.3130408525466919;0.1196298599243164
-3.7887308597564697;-0.12913009524345398;-0.43269920349121094
-5.477475166320801;0.012232303619384766;-0.18698883056640625
-6.47756814956665;0.4375661611557007;0.5521469116210938
-6.058772087097168;0.6330084800720215;0.8876190185546875
-6.068711280822754;0.7113052606582642;0.3125143051147461
-5.779891490936279;0.641721248626709;-0.11321640014648438
-4.467441558837891;0.3406180739402771;-0.3827180862426758
-3.361374616622925;0.0406210720539093;-0.13538551330566406
-1.5382839441299438;-0.20412352681159973;0.4417238235473633
0.45041394233703613;-0.3247224688529968;1.3214778900146484
1.5902752876281738;-0.5728533267974854;1.249709129333496
2.981203556060791;-1.006921410560608;0.5194635391235352
4.354951858520508;-1.0985963344573975;0.39719200134277344
5.3535919189453125;-1.141920566558838;0.7119464874267578
5.686424255371094;-1.21699857711792;1.116302490234375
6.179886817932129;-0.9438172578811646;1.6302919387817383
6.104010581970215;-0.9036214351654053;1.1210441589355469
4.2375688552856445;-0.8624197840690613;0.2313671112060547
1.9221301078796387;-0.704143226146698;0.3896064758300781
-0.3517187833786011;-0.4291950762271881;0.9195499420166016
-2.1937127113342285;-0.05757100135087967;1.0968732833862305
-3.4282703399658203;0.15620185434818268;0.34740638732910156
-4.533052921295166;0.28399208188056946;-0.2486133575439453
-5.905624866485596;0.41123032569885254;-0.2883615493774414
-6.158037185668945;0.5839236974716187;0.18785572052001953
-5.7806620597839355;0.508934497833252;0.31365489959716797
-5.3002543449401855;0.4592614471912384;0.119842529296875
-3.8128368854522705;0.28013113141059875;0.052936553955078125
-2.7253522872924805;-0.11131748557090759;-0.16179847717285156
-0.7849822044372559;-0.37514519691467285;0.2718362808227539
0.807788610458374;-0.47900110483169556;1.0174322128295898
2.326974630355835;-0.531177282333374;1.5476627349853516
3.66290283203125;-0.7826346755027771;0.844965934753418
4.725400924682617;-0.8508812189102173;0.23649311065673828
5.208026885986328;-0.9153501391410828;0.13785171508789063
5.511324882507324;-0.8710306882858276;0.5107202529907227
5.672063827514648;-0.886558473110199;0.2548532485961914
4.729496955871582;-0.780299961566925;-0.0026531219482421875
2.4888455867767334;-0.6377557516098022;0.06178855895996094
0.5865338444709778;-0.364834725856781;0.5996170043945313
-0.788794755935669;-0.2007800042629242;0.5120887756347656
-2.408914566040039;-0.04448862373828888;-0.12617874145507813
-4.050251483917236;0.01069369912147522;-0.3092794418334961
-5.098758220672607;0.2520737051963806;0.40532493591308594
-5.887925624847412;0.4749053120613098;1.3064346313476563
-5.893848419189453;0.5012362003326416;1.164902687072754
-4.992429733276367;0.43737220764160156;0.8415260314941406
-3.265084981918335;0.2541654706001282;0.31781959533691406
-2.051548957824707;0.003888458013534546;-0.08541584014892578
-1.0353269577026367;-0.2616633176803589;0.1836986541748047
0.3779509663581848;-0.28033676743507385;0.8376779556274414
1.5123227834701538;-0.4689326882362366;0.8940763473510742
2.847846508026123;-0.5654228329658508;0.4948234558105469
3.866546869277954;-0.7153656482696533;0.14756393432617188
4.7258453369140625;-0.8402179479598999;-0.05610084533691406
5.060147762298584;-0.756247878074646;0.38599395751953125
5.407005310058594;-0.7217559218406677;0.5705299377441406
4.755866527557373;-0.678290069103241;0.14829635620117188
2.485220432281494;-0.6345072984695435;0.2092294692993164
0.4765579104423523;-0.3344425559043884;1.302927017211914
-0.7979419231414795;-0.05616895109415054;1.4854679107666016
-2.137643337249756;-0.019135721027851105;0.7893505096435547
-3.3816418647766113;0.12386447191238403;-0.1136627197265625
-4.103894233703613;0.22011005878448486;0.046975135803222656
-4.6860671043396;0.39092540740966797;0.575404167175293
-5.181548595428467;0.49267157912254333;0.9070529937744141
-5.3130035400390625;0.4395218789577484;0.562983512878418
-4.499596118927002;0.2408778965473175;0.1035299301147461
-3.0158963203430176;-0.008307814598083496;0.0034856796264648438
-1.5233664512634277;-0.10037866979837418;0.35628795623779297
-0.2157956212759018;-0.21989868581295013;0.8967704772949219
0.6880938410758972;-0.38585540652275085;0.9885435104370117
1.632530927658081;-0.6073876619338989;0.6466159820556641
2.932461977005005;-0.7025744318962097;0.4726381301879883
4.303072452545166;-0.7435804009437561;0.47174835205078125
4.800587177276611;-0.763425886631012;0.3740530014038086
5.291723728179932;-0.7016897201538086;0.5774240493774414
5.417978763580322;-0.6339935660362244;0.566584587097168
4.301509857177734;-0.6526846289634705;0.12591171264648438
2.310638904571533;-0.6363440155982971;-0.20317649841308594
0.49543970823287964;-0.2853167653083801;0.6314535140991211
-0.9640268087387085;-0.11310244351625443;0.8618555068969727
-2.6595702171325684;-0.024845436215400696;0.3216266632080078
-4.069263935089111;0.11370477080345154;-0.1522531509399414
-5.018197536468506;0.25676989555358887;0.13373374938964844
-5.4387969970703125;0.42500922083854675;0.4755420684814453
-5.496871471405029;0.40461796522140503;0.5956439971923828
-4.602704048156738;0.3778619170188904;0.4829292297363281
-3.579421043395996;0.1986938714981079;0.23299026489257813
-1.8564037084579468;-0.04224193096160889;-0.04510211944580078
-0.5216978788375854;-0.13282260298728943;0.1829071044921875
0.667215883731842;-0.29787468910217285;0.6234931945800781
1.6546646356582642;-0.49338802695274353;0.7218647003173828
2.642190456390381;-0.5891751050949097;0.9127988815307617
3.7132320404052734;-0.6648370623588562;0.8033084869384766
4.646477222442627;-0.7749954462051392;0.5667181015014648
5.262536525726318;-0.7354748249053955;0.7202339172363281
5.710266590118408;-0.7415859699249268;0.7352266311645508
5.1390862464904785;-0.7094871997833252;0.38034725189208984
3.183300018310547;-0.6792104244232178;0.29738330841064453
0.9816416501998901;-0.48298290371894836;0.7506914138793945
-0.9624128937721252;-0.24004408717155457;1.075495719909668
-2.8719358444213867;-0.07611086964607239;0.6139965057373047
-4.287736415863037;0.023314405232667923;-0.09060478210449219
-5.312903881072998;0.09807420521974564;-0.028818130493164063
-5.882960796356201;0.3491143584251404;0.7770833969116211
-5.526302814483643;0.5022673010826111;1.2171001434326172
-4.951305389404297;0.423015832901001;0.49979591369628906
-3.6449992656707764;0.25140509009361267;-0.23769378662109375
-2.093798875808716;0.020362742245197296;-0.6799249649047852
-1.110044240951538;-0.138335719704628;-0.3528709411621094
0.44796183705329895;-0.24158187210559845;0.37798118591308594
1.5242369174957275;-0.3402385711669922;0.6258106231689453
2.4400689601898193;-0.5770258903503418;0.395843505859375
3.9074411392211914;-0.6590657830238342;0.2984809875488281
5.075878620147705;-0.7809158563613892;0.6996908187866211
5.612697124481201;-0.7188783884048462;1.0007658004760742
5.7384724617004395;-0.6299494504928589;1.1560440063476563
4.490801811218262;-0.6541658639907837;0.8210048675537109
2.0673439502716064;-0.6022918224334717;0.5325202941894531
-0.12548774480819702;-0.38740456104278564;0.871063232421875
-1.5238713026046753;-0.1171836331486702;0.9304361343383789
-2.983494520187378;-0.07612872123718262;-0.0576934814453125
-4.447649955749512;0.025839783251285553;-0.8696155548095703
-5.384801864624023;0.25919389724731445;-0.26470470428466797
-5.309484958648682;0.5269649624824524;0.41695690155029297
-4.901863098144531;0.43007779121398926;0.2827262878417969
-4.17344331741333;0.3652643859386444;0.31408023834228516
-3.2413291931152344;0.15481926500797272;0.1439380645751953
-2.1346993446350098;-0.06075464189052582;-0.055497169494628906
-0.6368037462234497;-0.24016223847866058;0.5314540863037109
1.3546878099441528;-0.3021945655345917;1.2233247756958008
2.9533371925354004;-0.5788196325302124;1.1429128646850586
4.244807243347168;-0.8005247116088867;0.8432588577270508
5.390523910522461;-0.9066336750984192;0.5794296264648438
6.0906829833984375;-0.8482977151870728;0.7489690780639648
6.070539951324463;-0.758510410785675;0.8706960678100586
4.7350687980651855;-0.6560397148132324;0.3692970275878906
2.6078310012817383;-0.6269596815109253;-0.08980655670166016
0.501531720161438;-0.4375103712081909;0.24771595001220703
-1.3353734016418457;-0.23338660597801208;0.09969711303710938
-3.466113805770874;-0.047712236642837524;-0.2910947799682617
-5.097129821777344;0.12616491317749023;-0.10606002807617188
-5.910003662109375;0.32805317640304565;0.4085407257080078
-6.421340465545654;0.46605411171913147;0.9554567337036133
-5.961755752563477;0.5108257532119751;0.6546907424926758
-4.425887584686279;0.25193876028060913;0.05839824676513672
-3.058548927307129;-0.06905563175678253;-0.3120288848876953
-0.6650866866111755;-0.19105057418346405;0.11504936218261719
1.1997555494308472;-0.3763328194618225;0.5462942123413086
2.440898895263672;-0.5384242534637451;0.9544715881347656
3.7995107173919678;-0.6516680717468262;1.2521886825561523
4.709916591644287;-0.7555508017539978;1.0721607208251953
5.284322738647461;-0.9189702272415161;0.7503700256347656
6.150964736938477;-0.6606255173683167;1.0896787643432617
5.705032825469971;-0.6556710004806519;1.1887216567993164
3.289473056793213;-0.6867408156394958;0.7322196960449219
0.9952678084373474;-0.5112830400466919;0.6339960098266602
-1.242087721824646;-0.34125426411628723;0.5166349411010742
-3.106834888458252;-0.24327212572097778;0.09465503692626953
-4.5777740478515625;0.009757496416568756;-0.3862905502319336
-5.187492370605469;0.12793998420238495;-0.11202812194824219
-5.53576135635376;0.28999167680740356;0.018192291259765625
-5.590535640716553;0.392328143119812;-0.0651388168334961
-4.974951267242432;0.3903697729110718;-0.3576164245605469
-4.333274841308594;0.2092593014240265;-0.3840818405151367
-3.275938034057617;-0.06415891647338867;-0.31758880615234375
-1.3531773090362549;-0.12481382489204407;0.33696937561035156
0.8694519400596619;-0.20593400299549103;0.997807502746582
2.2868387699127197;-0.45813244581222534;0.9234189987182617
3.836092710494995;-0.7790265083312988;0.702728271484375
5.1938958168029785;-0.8773876428604126;0.7791023254394531
5.958752632141113;-1.0428162813186646;0.7560091018676758
6.42356538772583;-0.972730815410614;1.1429624557495117
6.092499256134033;-0.7932731509208679;1.5852479934692383
4.459187030792236;-0.7831251621246338;1.0693111419677734
2.01279616355896;-0.6727957725524902;0.5469865798950195
-0.4504223167896271;-0.5263490676879883;0.5712289810180664
-2.7214460372924805;-0.14159002900123596;0.5758447647094727
-3.977368116378784;-0.022363916039466858;0.15157413482666016
-5.597191333770752;-0.01111813634634018;-0.5308189392089844
-6.863648891448975;0.24532648921012878;-0.4651756286621094
-6.970473766326904;0.4226488769054413;0.1375274658203125
-6.02253532409668;0.44301551580429077;0.1277904510498047
-4.61486291885376;0.2932884097099304;-0.23325061798095703
-3.0166893005371094;-0.045390352606773376;-0.32473087310791016
-1.4040526151657104;-0.23356886208057404;0.2917213439941406
0.8249725699424744;-0.35479864478111267;0.8583641052246094
2.32757568359375;-0.47005096077919006;0.9847450256347656
3.6730751991271973;-0.6680334806442261;1.0864028930664063
4.513103008270264;-0.8398544192314148;0.9218339920043945
5.446868896484375;-0.9061020612716675;0.7996740341186523
6.262831211090088;-0.8091071248054504;1.2744359970092773
6.241904258728027;-0.6939289569854736;1.3245220184326172
4.572344779968262;-0.5744754076004028;0.615849494934082
2.1841745376586914;-0.5217108130455017;0.20920276641845703
-0.05167829990386963;-0.26833561062812805;0.7370672225952148
-1.607494592666626;-0.05575016140937805;0.6899137496948242
-3.7676970958709717;-0.12147757411003113;-0.22749900817871094
-5.98159646987915;0.020961761474609375;-0.4188680648803711
-6.726823329925537;0.2703664302825928;0.20334815979003906
-6.953465938568115;0.43088576197624207;0.5307893753051758
-6.390216827392578;0.40041184425354004;0.13446617126464844
-4.937737941741943;0.15514631569385529;-0.3525056838989258
-3.0699706077575684;-0.09393489360809326;-0.6326885223388672
-1.2323551177978516;-0.32210201025009155;-0.24122238159179688
0.6166251301765442;-0.5559017658233643;0.6107854843139648
2.619922161102295;-0.6404716968536377;1.0368661880493164
4.179417133331299;-0.8623123168945313;0.8856630325317383
5.30003547668457;-0.9309145212173462;0.6210727691650391
6.125781059265137;-0.9707022905349731;0.5833091735839844
6.514143466949463;-0.9319035410881042;0.9683113098144531
6.26456880569458;-0.7435874342918396;1.159219741821289
4.5072221755981445;-0.8282455205917358;0.8571968078613281
2.0041656494140625;-0.6948972940444946;0.5068283081054688
0.03652292490005493;-0.4578389525413513;0.7330989837646484
-1.8505518436431885;-0.18724706768989563;0.44394588470458984
-4.306519985198975;-0.11250276863574982;0.16594886779785156
-6.153945446014404;0.05780589580535889;0.2420816421508789
-6.901637554168701;0.37088900804519653;0.8869714736938477
-6.411685943603516;0.5365615487098694;1.1368656158447266
-5.463096618652344;0.46123263239860535;0.21150779724121094
-4.719072341918945;0.175333172082901;-0.1691122055053711
-3.686185598373413;-0.0636257529258728;-0.3392162322998047
-1.496170997619629;-0.19059883058071136;0.3291311264038086
0.726601243019104;-0.3211054503917694;0.5998935699462891
2.2736685276031494;-0.5115631818771362;0.580042839050293
3.840757369995117;-0.6974786520004272;0.2947721481323242
5.712644100189209;-0.8630064129829407;0.23939990997314453
6.624439716339111;-0.8799543976783752;0.5267276763916016
6.563114643096924;-0.7540438175201416;1.1988773345947266
6.20491886138916;-0.6447869539260864;1.4387693405151367
4.2990264892578125;-0.7263602614402771;0.5122051239013672
1.5811275243759155;-0.7213792204856873;0.15567684173583984
-1.0255752801895142;-0.4620590806007385;0.5552215576171875
-3.515047550201416;-0.2690381407737732;0.23127174377441406
-5.310352325439453;-0.09364815801382065;0.15729808807373047
-6.547238826751709;0.25733092427253723;0.7368974685668945
-6.970569610595703;0.4754546284675598;0.8085098266601563
-6.901627063751221;0.52006995677948;0.6303625106811523
-5.735759735107422;0.4279019832611084;0.10524463653564453
-3.642787456512451;0.21872754395008087;-0.3211545944213867
-1.5747653245925903;-0.19897936284542084;-0.5191068649291992
0.0471111536026001;-0.4261394739151001;0.11834907531738281
2.3903510570526123;-0.5789719820022583;0.932098388671875
4.37087869644165;-0.7697274088859558;1.3970661163330078
5.86327600479126;-0.9498491883277893;0.9764738082885742
6.552633762359619;-0.8905306458473206;0.6594886779785156
6.578918933868408;-0.6576175689697266;0.7064876556396484
5.5949249267578125;-0.6693766713142395;0.025278091430664063
3.737189769744873;-0.7531127333641052;-0.942509651184082
1.1848067045211792;-0.5655926465988159;-0.6763486862182617
-1.22005295753479;-0.3692508041858673;0.48682308197021484
-3.820380449295044;-0.06218322739005089;1.2548084259033203
-5.891868591308594;0.23848460614681244;1.3377561569213867
-6.4500322341918945;0.4010135233402252;1.0505609512329102
-7.134130477905273;0.485463947057724;0.5647983551025391
-6.903841972351074;0.4957137107849121;0.4783668518066406
-5.175252437591553;0.3004269003868103;0.20868396759033203
-3.627310276031494;-0.028748035430908203;-0.08906745910644531
-1.4674973487854004;-0.22083789110183716;-0.11264228820800781
0.25989314913749695;-0.4781561493873596;0.2970151901245117
2.711813449859619;-0.7055490016937256;0.41054439544677734
4.517053604125977;-0.9528028964996338;0.37586498260498047
5.956703186035156;-1.0912314653396606;0.35340023040771484
7.29407262802124;-1.1222023963928223;0.7710647583007813
7.288813591003418;-0.8525949716567993;1.238844871520996
6.522955417633057;-0.7128068804740906;0.9412717819213867
3.9876859188079834;-0.8380413055419922;-0.1555948257446289
1.3187527656555176;-0.7218509316444397;-0.057674407958984375
-0.831000030040741;-0.39465782046318054;0.4997291564941406
-3.199169635772705;-0.20958733558654785;0.4646272659301758
-5.873441696166992;-0.058593057096004486;0.2184906005859375
-6.871647834777832;0.19102036952972412;0.6697282791137695
-7.183743000030518;0.6051139831542969;1.3356208801269531
-6.679543495178223;0.5792335867881775;0.8698215484619141
-5.5615458488464355;0.49972525238990784;0.02157306671142578
-3.1492271423339844;0.19942554831504822;-0.43953609466552734
-0.8598823547363281;-0.16689468920230865;-0.7566690444946289
1.210426688194275;-0.4840232729911804;-0.29313087463378906
3.1835341453552246;-0.7210121154785156;0.8569803237915039
4.513153553009033;-0.925473153591156;1.7191886901855469
5.702625274658203;-1.0470906496047974;1.8796987533569336
6.539504528045654;-0.9167710542678833;1.7445907592773438
6.034477710723877;-0.9161583781242371;1.3905029296875
4.347003936767578;-0.7372775673866272;0.9036474227905273
2.4575109481811523;-0.6785019636154175;0.6571683883666992
0.4706255793571472;-0.4487365186214447;0.7886466979980469
-1.3013098239898682;-0.11903189867734909;0.8425149917602539
-3.0332233905792236;-0.09380175918340683;-0.1720561981201172
-4.752260684967041;0.1886458843946457;-0.8489837646484375
-5.87624979019165;0.4370254874229431;-0.3335428237915039
-6.247285842895508;0.7105133533477783;0.2660789489746094
-5.770420551300049;0.7283473610877991;0.03711891174316406
-4.922589302062988;0.568369448184967;-0.6185522079467773
-3.6630449295043945;0.21177321672439575;-0.5884332656860352
-2.1366331577301025;-0.05288590490818024;-0.15920734405517578
-0.3857044279575348;-0.38426530361175537;0.5436372756958008
1.4453153610229492;-0.4989110827445984;0.9182643890380859
2.9846701622009277;-0.7453402280807495;0.863255500793457
4.271673679351807;-0.8816871047019958;0.7277965545654297
5.709531307220459;-0.9665663838386536;0.4711151123046875
6.386288166046143;-0.874190092086792;0.682215690612793
6.41378927230835;-0.7464808225631714;0.9653177261352539
4.823883056640625;-0.7130506038665771;0.4426736831665039
2.364328384399414;-0.6183570027351379;0.3383522033691406
0.1563534140586853;-0.43620753288269043;1.0320014953613281
-2.086521625518799;-0.2911987006664276;0.8778581619262695
-4.14513635635376;0.020397240296006203;0.818145751953125
-4.850379943847656;0.1639801561832428;0.7068490982055664
-6.350569248199463;0.3591649532318115;0.9266891479492188
-6.883851528167725;0.5402871966362;1.2322778701782227
-6.440356731414795;0.6026221513748169;1.110931396484375
-4.383368015289307;0.38900506496429443;0.19766521453857422
-3.2044777870178223;0.055476993322372437;-0.6457004547119141
-1.2293964624404907;-0.315804660320282;-0.5863304138183594
1.2056763172149658;-0.5681601762771606;-0.28354549407958984
3.518214225769043;-0.820885419845581;0.18587589263916016
5.046288013458252;-0.9693832993507385;0.2591867446899414
6.273991107940674;-0.9701345562934875;0.40754222869873047
7.1170830726623535;-0.8152624368667603;0.5887079238891602
6.737618923187256;-0.837097704410553;0.423553466796875
4.928374767303467;-0.8311812877655029;-0.0982809066772461
2.1622753143310547;-0.7208684086799622;0.1535787582397461
-0.3242642283439636;-0.4333842396736145;0.8895330429077148
-2.1547799110412598;-0.21096226572990417;0.925358772277832
-4.254859924316406;-0.0558449886739254;0.28026485443115234
-6.563267230987549;0.2481628954410553;0.38939571380615234
-7.479054927825928;0.5438486337661743;1.2015485763549805
-7.289886474609375;0.8165887594223022;1.7744379043579102
-5.621336936950684;0.6110664010047913;0.657923698425293
-4.302449703216553;0.3504328727722168;-0.3722982406616211
-1.843509554862976;-0.021667957305908203;-0.6254587173461914
-0.22648243606090546;-0.3035181760787964;-0.08819866180419922
1.7357957363128662;-0.6471961140632629;0.5531587600708008
4.387075901031494;-0.9708589911460876;0.8473844528198242
6.132879257202148;-1.0557857751846313;0.9789199829101563
7.166483402252197;-1.065165400505066;0.6125679016113281
7.448355197906494;-0.9638526439666748;0.338775634765625
6.698919296264648;-0.9041938185691833;-0.20015907287597656
4.6265869140625;-0.859566867351532;-0.4888725280761719
1.4245896339416504;-0.6515180468559265;0.0293121337890625
-1.7345881462097168;-0.42423704266548157;0.6135215759277344
-4.704947471618652;-0.12456296384334564;0.9763097763061523
-6.528812408447266;0.1558864265680313;0.9082527160644531
-7.779240608215332;0.3346134126186371;0.7710475921630859
-7.548974990844727;0.6304179430007935;1.043792724609375
-5.178511619567871;0.6358733773231506;0.9401884078979492
-3.1100168228149414;0.34939056634902954;0.09692668914794922
-0.48313769698143005;0.06391198933124542;-0.3086376190185547
1.6928998231887817;-0.3094406723976135;-0.18000316619873047
1.8819218873977661;-0.41614723205566406;0.33758544921875
1.7181109189987183;-0.40799665451049805;1.5146360397338867
2.0406713485717773;-0.4187476634979248;1.8914356231689453
3.156543731689453;-0.49346596002578735;0.8742456436157227
4.130040168762207;-0.45012277364730835;-0.36536312103271484
4.883874893188477;-0.5099019408226013;-1.1430654525756836
4.38613748550415;-0.5518277287483215;-1.7592353820800781
2.9541594982147217;-0.560954749584198;-0.9114036560058594
0.09316319227218628;-0.48947852849960327;0.42874908447265625
-3.351013660430908;-0.23304986953735352;1.6802425384521484
-4.484453201293945;0.13511359691619873;2.924473762512207
-3.9513044357299805;0.452964186668396;2.7449121475219727
-2.7151756286621094;0.46252885460853577;1.316737174987793
-1.6763477325439453;0.2962443232536316;-0.12873077392578125
-0.49861183762550354;0.1352749466896057;-1.0038633346557617
0.20856735110282898;-0.1317596733570099;-1.3168916702270508
0.478397399187088;-0.19529801607131958;-0.8123769760131836
0.7111696600914001;-0.17703934013843536;0.006257057189941406
0.5050894021987915;-0.10569888353347778;0.56610107421875
0.413959264755249;-0.06349745392799377;0.4168233871459961
0.3479018807411194;-0.009175866842269897;0.3574066162109375
0.08313173055648804;0.018055319786071777;0.5574769973754883
-0.19300082325935364;-0.06084549427032471;0.4557781219482422
-0.5598629713058472;-0.1678604930639267;0.3472127914428711
-0.5294117331504822;-0.07742539048194885;0.9152135848999023
-0.13295158743858337;-0.04317811131477356;0.8778266906738281
0.1623658537864685;-0.10269506275653839;0.26149749755859375
0.23073717951774597;-0.1124534159898758;0.09192752838134766
0.23330315947532654;-0.0012849271297454834;0.4266242980957031
0.12908855080604553;-0.0371684730052948;0.6084432601928711
0.2717324197292328;-0.025774449110031128;0.5949487686157227
0.23542717099189758;-0.019115686416625977;0.47408390045166016
0.04089263081550598;-0.007523328065872192;0.36095142364501953
-0.06645849347114563;-0.006292372941970825;0.39845943450927734
-0.2231242060661316;0.032410502433776855;0.49716949462890625
-0.1965230107307434;0.011440515518188477;0.4533824920654297
-0.2258586585521698;0.020829439163208008;0.3766002655029297
-0.1515527367591858;-0.02117985486984253;0.2065105438232422
-0.16690021753311157;-0.04103446006774902;0.19446659088134766
-0.0464664101600647;-0.006917476654052734;0.3476524353027344
0.030426472425460815;-0.043074578046798706;0.2846975326538086
0.10719123482704163;-0.019313007593154907;0.15747547149658203
0.12294891476631165;-0.029633283615112305;0.30171680450439453
0.010181635618209839;0.007145524024963379;0.5006933212280273
-0.0766436755657196;0.012910187244415283;0.5878753662109375
-0.19261808693408966;-0.0010609626770019531;0.41443347930908203
-0.5335400104522705;0.014931410551071167;0.43523311614990234
-0.9054387807846069;-0.04813861846923828;0.5297651290893555
-1.6248559951782227;0.008599609136581421;0.4909381866455078
-2.1524219512939453;0.13544711470603943;0.927088737487793
-2.428633451461792;0.2219441831111908;0.7684822082519531
-2.9103517532348633;0.254449725151062;0.2025012969970703
-3.6578116416931152;0.1039552092552185;-0.3708171844482422
-2.8174550533294678;-0.19181789457798004;-1.0618524551391602
-0.3156609535217285;-0.30966493487358093;-0.9118919372558594
0.5487319231033325;-0.30669528245925903;0.239044189453125
1.1683833599090576;-0.5165780782699585;1.2500200271606445
2.9964089393615723;-0.5628038048744202;0.9002056121826172
3.9680325984954834;-0.5231543779373169;0.8967208862304688
3.6011383533477783;-0.4564570486545563;1.0880374908447266
2.9740145206451416;-0.3657708168029785;1.1194734573364258
1.977859616279602;-0.20193886756896973;0.7687358856201172
1.316664695739746;-0.10029488801956177;0.27632617950439453
0.7197660207748413;-0.11338462680578232;-0.15179729461669922
0.10633566975593567;-0.09089922159910202;-0.1729755401611328
-0.17746183276176453;0.05278690159320831;0.4401979446411133
-0.28671249747276306;0.15909628570079803;0.9912118911743164
-0.39877039194107056;0.12713636457920074;1.0488271713256836
-0.1756453812122345;0.08811727911233902;0.8529434204101563
0.06578177213668823;0.06999976933002472;0.44878578186035156
0.3361425995826721;0.07161794602870941;0.3640861511230469
0.4070749580860138;0.020952261984348297;0.5134429931640625
0.1378260999917984;-0.032521165907382965;0.6089277267456055
0.23892349004745483;-0.008916579186916351;0.38749122619628906
-0.005948960781097412;0.006302282214164734;0.16467857360839844
-0.1090516448020935;0.010190218687057495;0.046454429626464844
-0.14055851101875305;0.013420522212982178;0.03655052185058594
-0.07446610927581787;0.01201782375574112;0.21742916107177734
-0.05191558599472046;0.02272554486989975;0.4096336364746094
-0.013416022062301636;0.010300226509571075;0.5103845596313477
-0.004825621843338013;-0.04254951328039169;0.34974002838134766
-0.04379856586456299;-0.018762022256851196;0.3710975646972656
-0.0216924250125885;-0.0037860944867134094;0.5479068756103516
0.11580920219421387;-0.0083090178668499;0.44943904876708984
0.05420127511024475;0.0045338645577430725;0.3632669448852539
0.04961821436882019;0.01124100387096405;0.39884281158447266
0.11270910501480103;0.012055695056915283;0.45172595977783203
-0.054916322231292725;0.025780759751796722;0.5225210189819336
-0.03560921549797058;-0.001231551170349121;0.47717857360839844
-0.09779784083366394;-0.013290658593177795;0.1999063491821289
-0.07846367359161377;0.01787937432527542;0.2963886260986328
-0.06432393193244934;0.04216071963310242;0.4470682144165039
-0.07140833139419556;0.052769504487514496;0.44950389862060547
-0.08482038974761963;0.010649025440216064;0.4354734420776367
0.019319742918014526;0.014102157205343246;0.4199190139770508
0.10491827130317688;0.009283449500799179;0.42040348052978516
0.049729734659194946;-0.017409656196832657;0.36058807373046875
0.016597449779510498;0.008866101503372192;0.4609489440917969
0.3237124979496002;-0.042913734912872314;0.3982582092285156
0.8055890798568726;-0.21344196796417236;0.25874900817871094
1.919516682624817;-0.36728575825691223;0.29210472106933594
3.6742165088653564;-0.5042471289634705;0.9585189819335938
4.719915390014648;-0.517910897731781;1.772547721862793
5.698716640472412;-0.5752260088920593;2.3708229064941406
5.847648620605469;-0.636615514755249;2.0392961502075195
3.898960590362549;-0.9656168818473816;0.5289497375488281
1.3188925981521606;-1.1223777532577515;-0.5546607971191406
-1.8237565755844116;-1.119507074356079;-1.456547737121582
-6.465126991271973;-0.9164372682571411;-0.8971595764160156
-9.696438789367676;-0.1696297824382782;0.5067882537841797
-11.723668098449707;0.3426140546798706;0.8405933380126953
-11.837189674377441;0.7137567400932312;0.1134958267211914
-10.153975486755371;0.6212750673294067;-1.5010786056518555
-8.12513542175293;-0.20956802368164063;-2.875278949737549
-5.353437900543213;-0.8663448691368103;-2.832937240600586
-1.353347659111023;-1.4011262655258179;-0.8857889175415039
3.1179940700531006;-1.7938565015792847;1.312673568725586
7.425132751464844;-2.0838119983673096;2.975651741027832
10.193521499633789;-2.2374229431152344;3.1983118057250977
12.593582153320313;-2.0776543617248535;2.853184700012207
12.877422332763672;-1.6171391010284424;2.48142147064209
11.424610137939453;-1.355259895324707;1.7112693786621094
7.5025315284729;-1.4438050985336304;0.7572231292724609
2.298551082611084;-1.2841323614120483;0.3290853500366211
-1.944698452949524;-1.0203254222869873;0.21425628662109375
-7.62864875793457;-0.6215783357620239;0.2381296157836914
-11.520098686218262;-0.0017165318131446838;0.47153282165527344
-13.700034141540527;0.716089129447937;0.5105485916137695
-13.29997730255127;0.9077901244163513;-0.43102550506591797
-11.199378967285156;0.6877158880233765;-1.9528412818908691
-8.05072021484375;-0.26360780000686646;-2.53106689453125
-4.020256519317627;-1.0243844985961914;-1.4136285781860352
0.8177306652069092;-1.6494760513305664;0.3617115020751953
5.9552693367004395;-2.1301991939544678;2.0568151473999023
9.669651985168457;-2.3122010231018066;2.337312698364258
12.076617240905762;-2.3195929527282715;1.9368371963500977
12.859148979187012;-2.045656442642212;1.5858421325683594
11.825057983398438;-1.7379999160766602;1.4674091339111328
8.858231544494629;-1.7073465585708618;0.3099679946899414
4.078034400939941;-1.6253705024719238;-0.34166812896728516
-0.2511787414550781;-1.1584922075271606;0.3038825988769531
-4.815854549407959;-0.8326925039291382;1.4029483795166016
-9.172451972961426;-0.1367461085319519;1.6245832443237305
-10.51577091217041;0.5219964981079102;0.5207252502441406
-11.268617630004883;0.9892176389694214;0.34537315368652344
-10.192525863647461;0.9457807540893555;-0.0714864730834961
-8.024354934692383;0.536292314529419;-1.0020198822021484
-5.298232078552246;-0.16782379150390625;-1.7546749114990234
-1.6086994409561157;-0.7660969495773315;-1.1690998077392578
2.1266210079193115;-1.2079299688339233;0.2589874267578125
5.5065155029296875;-1.5443305969238281;1.4185352325439453
8.35289478302002;-1.6460932493209839;1.7561912536621094
9.97392463684082;-1.7794395685195923;1.3638248443603516
10.056288719177246;-1.4992568492889404;1.0128917694091797
9.611065864562988;-1.4590187072753906;0.4167451858520508
6.46460485458374;-1.3559240102767944;-0.43581199645996094
2.6167490482330322;-1.2151516675949097;-0.06822013854980469
-1.1786510944366455;-0.779615044593811;1.0479278564453125
-5.702744483947754;-0.6617940664291382;1.3897619247436523
-9.699557304382324;-0.014776274561882019;0.9060144424438477
-11.329797744750977;0.44716882705688477;0.38864612579345703
-11.800626754760742;0.9532987475395203;0.4617137908935547
-9.799382209777832;0.8532797694206238;-0.5390987396240234
-7.202820777893066;0.34725791215896606;-1.7683591842651367
-5.004708290100098;-0.3605390191078186;-2.241004467010498
-1.1593520641326904;-0.9506994485855103;-0.7392196655273438
2.9101009368896484;-1.6068693399429321;1.2601337432861328
6.947145938873291;-1.9145725965499878;2.4480953216552734
9.623329162597656;-2.0380492210388184;1.9621295928955078
10.979961395263672;-1.849092721939087;0.9784059524536133
10.95449447631836;-1.6068274974822998;1.1989450454711914
9.551539421081543;-1.478190541267395;0.7190628051757813
6.633533954620361;-1.4545233249664307;0.022635459899902344
2.705824851989746;-1.258751392364502;-0.28504085540771484
-1.6127347946166992;-0.9942823648452759;0.5081281661987305
-5.459511756896973;-0.6324009299278259;1.1145505905151367
-9.108007431030273;-0.22796139121055603;1.259347915649414
-11.405082702636719;0.3233473598957062;1.5430641174316406
-11.969422340393066;0.7245620489120483;1.2222118377685547
-10.258694648742676;0.672093391418457;-0.4000244140625
-7.77455997467041;0.30777525901794434;-1.5759572982788086
-4.701245307922363;-0.3958151042461395;-1.8690056800842285
-1.296666145324707;-1.0277886390686035;-0.8605127334594727
2.386993408203125;-1.4534878730773926;0.39527416229248047
6.092302322387695;-1.7141320705413818;1.440206527709961
8.74587631225586;-1.7791805267333984;1.6113052368164063
10.188292503356934;-1.7384507656097412;1.282522201538086
10.610156059265137;-1.60251784324646;1.3824958801269531
10.064552307128906;-1.3252097368240356;1.646707534790039
7.60648250579834;-1.4073411226272583;0.42104148864746094
3.5741970539093018;-1.318030595779419;0.08351325988769531
-0.811201274394989;-0.9744821190834045;1.1443500518798828
-4.907431125640869;-0.8105689883232117;1.9053220748901367
-8.723184585571289;-0.20342689752578735;1.8337898254394531
-10.840559959411621;0.2926267981529236;1.2415122985839844
-11.147675514221191;0.7094555497169495;0.031114578247070313
-9.957344055175781;0.749687671661377;-1.2771100997924805
-7.963761329650879;0.4040146470069885;-2.228907585144043
-5.950739860534668;-0.24829530715942383;-2.376919746398926
-3.6174652576446533;-0.6476905345916748;-1.0207319259643555
-0.007680803537368774;-1.0547751188278198;0.07410812377929688
3.2412729263305664;-1.564542531967163;1.1624107360839844
6.781700134277344;-1.6784852743148804;2.1320409774780273
9.005437850952148;-1.6863750219345093;1.9356441497802734
10.041703224182129;-1.77176833152771;1.3467092514038086
10.524712562561035;-1.6372556686401367;1.4440641403198242
9.742136001586914;-1.4434497356414795;1.4414100646972656
6.945309638977051;-1.3532532453536987;0.9891872406005859
3.057440996170044;-1.3417391777038574;0.949920654296875
-1.3767660856246948;-1.008610725402832;1.597677230834961
-4.319791316986084;-0.46017926931381226;1.3775749206542969
-6.77536153793335;-0.17446035146713257;0.04301166534423828
-9.400410652160645;0.07349677383899689;-0.1830921173095703
-10.79819107055664;0.29653483629226685;0.41985607147216797
-11.050952911376953;0.5746976137161255;0.5523147583007813
-9.617242813110352;0.27942782640457153;-0.9443931579589844
-7.533147811889648;-0.03964945673942566;-2.166489601135254
-5.087045669555664;-0.459819495677948;-1.7980704307556152
-1.6432468891143799;-1.0771530866622925;-0.5413913726806641
2.4127001762390137;-1.453935980796814;1.1087522506713867
5.767651081085205;-1.614109992980957;1.756129264831543
8.495301246643066;-1.7513116598129272;1.9141693115234375
10.352893829345703;-1.6887760162353516;1.8486995697021484
10.295538902282715;-1.3855469226837158;1.6499090194702148
9.35971450805664;-1.268902063369751;1.0916728973388672
6.950697422027588;-1.2907723188400269;0.062122344970703125
3.2237489223480225;-1.187890887260437;-0.1321268081665039
-0.5606858730316162;-1.1320016384124756;0.5198726654052734
-4.543062210083008;-0.5888413190841675;1.3080387115478516
-7.858316898345947;-0.19988399744033813;1.4337434768676758
-10.086692810058594;0.07224705815315247;0.8229894638061523
-10.95931625366211;0.5277730822563171;0.2541017532348633
-9.699053764343262;0.7159194946289063;-0.6814460754394531
-7.873145580291748;0.2962062358856201;-1.732950210571289
-5.721539497375488;-0.19344070553779602;-2.291348457336426
-3.8309221267700195;-0.7491858601570129;-0.8526983261108398
-0.30983036756515503;-1.101222276687622;1.0383720397949219
4.474559783935547;-1.403831124305725;1.7515687942504883
7.739109516143799;-1.6821467876434326;1.782456398010254
9.393178939819336;-1.7255929708480835;1.6663122177124023
10.23838996887207;-1.543157935142517;1.9736299514770508
9.716537475585938;-1.0741982460021973;2.221959114074707
7.855018615722656;-1.2148469686508179;0.8879175186157227
4.559371471405029;-1.2578041553497314;-0.30037403106689453
0.8294294476509094;-1.160170316696167;0.2272491455078125
-2.813237190246582;-0.7037609815597534;1.2875041961669922
-6.269596576690674;-0.48635923862457275;1.974782943725586
-8.996878623962402;0.028424009680747986;1.5963783264160156
-10.324897766113281;0.27122434973716736;0.1630573272705078
-10.213908195495605;0.5234083533287048;-1.1275348663330078
-8.704598426818848;0.4500390291213989;-2.1574511528015137
-6.820291996002197;-0.004014402627944946;-2.856783390045166
-4.970587253570557;-0.5354832410812378;-2.5262203216552734
-2.4322855472564697;-0.9411957263946533;-1.007974624633789
1.0716934204101563;-1.245695948600769;0.9970073699951172
4.357191562652588;-1.3796554803848267;2.522491455078125
7.088782787322998;-1.524109125137329;2.6515979766845703
8.782143592834473;-1.628990888595581;1.9318580627441406
9.625036239624023;-1.486701488494873;1.8609647750854492
9.452595710754395;-1.2135761976242065;1.5900897979736328
7.770388603210449;-1.2130262851715088;0.5385103225708008
3.966773271560669;-1.0933961868286133;-0.06355857849121094
0.4348670244216919;-0.8852935433387756;0.3263587951660156
-3.1119933128356934;-0.5487778186798096;0.8579378128051758
-6.649412155151367;-0.18384245038032532;0.9571762084960938
-9.418783187866211;0.09988284856081009;0.7978458404541016
-10.456696510314941;0.5066679120063782;0.908355712890625
-10.312265396118164;0.693375825881958;0.45188236236572266
-8.562945365905762;0.5996447205543518;-0.4871788024902344
-6.671152114868164;-0.0020381808280944824;-1.6470460891723633
-5.016534328460693;-0.4648868441581726;-1.8095393180847168
-2.177201986312866;-0.9422154426574707;-0.19316673278808594
1.6637098789215088;-1.2815501689910889;1.4032974243164063
5.19720983505249;-1.44412362575531;2.104130744934082
7.590461730957031;-1.5705595016479492;1.4650793075561523
8.94588851928711;-1.5553613901138306;0.5507516860961914
9.060542106628418;-1.335390329360962;0.6919775009155273
9.030969619750977;-1.0337458848953247;1.185434341430664
7.177720069885254;-1.2046623229980469;0.27602672576904297
3.95194673538208;-1.148226261138916;-0.3708171844482422
0.26400041580200195;-1.032466173171997;0.25031089782714844
-3.8813562393188477;-0.6937532424926758;0.678523063659668
-7.297245979309082;-0.2164735645055771;1.2410783767700195
-9.557891845703125;0.03861848637461662;1.4997730255126953
-10.631037712097168;0.5494270920753479;0.9278173446655273
-9.783514022827148;0.5998396873474121;0.09157276153564453
-7.096757888793945;0.4595978260040283;-1.0994930267333984
-5.303363800048828;-0.05214277654886246;-1.9023098945617676
-3.551071882247925;-0.4791650176048279;-0.9139986038208008
-0.5812711715698242;-0.8260507583618164;0.6470699310302734
3.0538277626037598;-1.2288382053375244;1.4310483932495117
5.5964274406433105;-1.40739905834198;1.691995620727539
7.829446792602539;-1.4463722705841064;1.5232906341552734
9.052865982055664;-1.4047882556915283;1.0133647918701172
9.125406265258789;-1.0920393466949463;0.7905607223510742
8.166754722595215;-1.1583678722381592;0.3433809280395508
5.229538917541504;-1.2417962551116943;-0.5410861968994141
1.39497709274292;-1.0762603282928467;-0.22069644927978516
-2.035956382751465;-0.7431275248527527;0.9879283905029297
-5.079853057861328;-0.42801278829574585;1.4270076751708984
-8.346692085266113;-0.1309952735900879;1.3508729934692383
-10.111199378967285;0.29241204261779785;1.0217905044555664
-10.418249130249023;0.6046498417854309;0.7180757522583008
-8.614763259887695;0.671514093875885;-0.07426643371582031
-6.160288333892822;0.19057293236255646;-1.3918333053588867
-4.013803958892822;-0.32524117827415466;-1.870676040649414
-1.1873843669891357;-0.7448616027832031;-0.8483428955078125
2.5514817237854004;-1.059805154800415;-0.3040504455566406
5.555346965789795;-1.4032471179962158;0.8678655624389648
7.553372383117676;-1.4621992111206055;1.4974365234375
8.915986061096191;-1.6268508434295654;1.422102928161621
9.419622421264648;-1.420274019241333;1.3950958251953125
8.952381134033203;-1.3889920711517334;0.8742513656616211
6.173642635345459;-1.311222791671753;0.045177459716796875
2.6375041007995605;-1.2199044227600098;0.29129886627197266
-0.8324167728424072;-0.9121341705322266;1.135538101196289
-4.853288650512695;-0.5622274875640869;1.3669605255126953
-8.353997230529785;-0.11961030960083008;0.9521408081054688
-10.408599853515625;0.27497175335884094;0.8528366088867188
-10.561224937438965;0.6847077012062073;0.8046159744262695
-8.806313514709473;0.6650727987289429;-0.11409664154052734
-6.665260314941406;0.265509694814682;-1.5993328094482422
-4.346160888671875;-0.24594177305698395;-2.3394198417663574
-1.5626581907272339;-0.7844792604446411;-1.3237199783325195
1.9754462242126465;-1.1095868349075317;0.3640460968017578
5.250820636749268;-1.4359313249588013;1.6263341903686523
7.907095432281494;-1.6698122024536133;1.8949041366577148
9.177648544311523;-1.6071668863296509;2.0204849243164063
9.46360969543457;-1.2704191207885742;2.2647705078125
7.85106086730957;-1.2533645629882813;1.240971565246582
5.173656940460205;-1.2799185514450073;-0.0750274658203125
1.869268774986267;-1.0142230987548828;-0.30617237091064453
-1.4498482942581177;-0.881883978843689;0.05170917510986328
-5.1501994132995605;-0.48834866285324097;0.13298797607421875
-7.515061378479004;-0.10684391856193542;-0.4323158264160156
-9.270820617675781;0.22835132479667664;-0.7947549819946289
-9.978830337524414;0.5002322196960449;-0.010160446166992188
-9.687321662902832;0.48935505747795105;0.5723581314086914
-8.604500770568848;0.3391250669956207;0.41072750091552734
-6.374935150146484;-0.10245805233716965;-0.04937171936035156
-2.883227825164795;-0.5974714159965515;0.1807565689086914
1.4291422367095947;-1.0706944465637207;0.8306465148925781
4.340412616729736;-1.3970866203308105;1.0326404571533203
7.367916107177734;-1.6969784498214722;0.8443050384521484
9.307060241699219;-1.7326650619506836;1.0332412719726563
10.017457008361816;-1.5932137966156006;1.7849111557006836
9.402871131896973;-1.3361010551452637;2.192051887512207
6.924043655395508;-1.2490788698196411;1.0112762451171875
3.999534845352173;-1.1926465034484863;0.1616382598876953
0.7464528679847717;-0.9429894685745239;-0.01728343963623047
-3.2766997814178467;-0.6238596439361572;0.236785888671875
-6.507381916046143;-0.2480294108390808;0.5055999755859375
-8.310152053833008;0.13402089476585388;0.02444934844970703
-9.79886245727539;0.2196054756641388;-0.5263271331787109
-10.82300090789795;0.44648477435112;-0.05779075622558594
-8.888471603393555;0.4733510911464691;-0.16033172607421875
-7.327642440795898;0.09474066644906998;-0.6696004867553711
-4.557692050933838;-0.40098080039024353;-0.46810340881347656
0.09201600402593613;-0.8745130896568298;0.260040283203125
4.195338249206543;-1.3620678186416626;0.7351570129394531
6.940356254577637;-1.6589528322219849;0.9920921325683594
9.170239448547363;-1.836089015007019;1.3184747695922852
10.277535438537598;-1.5779716968536377;1.7329120635986328
9.852065086364746;-1.4401037693023682;1.5562763214111328
7.492169380187988;-1.4923133850097656;0.13089275360107422
4.282584190368652;-1.3307769298553467;-0.6261863708496094
0.8648284673690796;-1.0812641382217407;-0.23786354064941406
-2.5038793087005615;-0.8704801201820374;0.52911376953125
-6.607625961303711;-0.49295106530189514;1.0221633911132813
-9.653246879577637;-0.28165769577026367;1.1923894882202148
-11.257319450378418;0.20186156034469604;1.7977018356323242
-10.50910758972168;0.48196810483932495;1.222569465637207
-8.067090034484863;0.40992701053619385;-0.7020454406738281
-6.400288105010986;-0.047548070549964905;-1.8257746696472168
-4.685652732849121;-0.44495025277137756;-1.3483314514160156
-1.3003178834915161;-0.8500922918319702;0.04313468933105469
3.142359972000122;-1.237349033355713;0.8886919021606445
6.506744384765625;-1.4699480533599854;1.335862159729004
8.683732986450195;-1.4534127712249756;1.3356523513793945
9.4002046585083;-1.4117103815078735;1.1872167587280273
9.41650104522705;-1.1900644302368164;1.2914257049560547
8.229414939880371;-1.0770955085754395;0.8999013900756836
5.627862930297852;-1.0888969898223877;-0.2553730010986328
2.4387600421905518;-1.0223608016967773;-0.37170886993408203
-1.4050469398498535;-0.8899093866348267;0.5762796401977539
-5.169890880584717;-0.40000635385513306;1.298654556274414
-7.828339576721191;-0.057082414627075195;1.6385631561279297
-9.750377655029297;0.29514655470848083;1.79052734375
-10.417224884033203;0.6018086671829224;1.5385074615478516
-9.04246711730957;0.584721028804779;0.1408395767211914
-7.292690753936768;0.13780957460403442;-1.171330451965332
-5.1424560546875;-0.2662358582019806;-1.5005598068237305
-2.451669931411743;-0.6226431131362915;-0.9613933563232422
1.4115948677062988;-1.1092913150787354;-0.02528858184814453
4.765310764312744;-1.3210129737854004;0.8903045654296875
7.211977481842041;-1.4960001707077026;1.4304332733154297
8.799552917480469;-1.397120475769043;1.1468315124511719
9.581429481506348;-1.2628095149993896;1.0305757522583008
9.178699493408203;-1.0965583324432373;0.9364080429077148
6.866453170776367;-1.1438093185424805;0.013943672180175781
3.663184642791748;-1.0366106033325195;-0.35567283630371094
0.3956354856491089;-0.9383133053779602;0.213287353515625
-3.093280553817749;-0.5622639656066895;0.6226329803466797
-5.989182949066162;-0.36938339471817017;0.7567319869995117
-8.58176326751709;0.017324279993772507;0.8992319107055664
-9.755847930908203;0.26769623160362244;0.7069807052612305
-9.889636039733887;0.4704766273498535;0.15349102020263672
-8.269461631774902;0.38196861743927;-0.5227041244506836
-6.289068698883057;-0.04921349138021469;-1.2828388214111328
-3.9716105461120605;-0.450208842754364;-0.8388881683349609
-0.8068735003471375;-0.7741541862487793;0.25150012969970703
2.33890962600708;-1.06730055809021;1.1144819259643555
5.5080485343933105;-1.2759346961975098;1.6627283096313477
7.963502883911133;-1.4526755809783936;1.3631763458251953
9.11752986907959;-1.3237268924713135;1.0777597427368164
9.35785961151123;-1.109926462173462;1.2124691009521484
8.189550399780273;-1.1239843368530273;0.6047887802124023
5.753089427947998;-1.1134274005889893;-0.40865516662597656
2.3872463703155518;-1.097672939300537;-0.40338802337646484
-1.3332581520080566;-0.7447994947433472;0.46459484100341797
-4.950735092163086;-0.44351446628570557;0.9939842224121094
-8.538763046264648;-0.11093882471323013;1.0679092407226563
-10.365974426269531;0.1451425552368164;1.1816930770874023
-10.200145721435547;0.44364315271377563;0.8202972412109375
-8.683305740356445;0.49980106949806213;0.0747365951538086
-6.7097649574279785;0.05102141946554184;-1.1218194961547852
-4.265057563781738;-0.49718305468559265;-1.7062902450561523
-0.7431704998016357;-0.8421263098716736;-0.8557577133178711
2.8920021057128906;-1.09860098361969;0.57159423828125
5.36733341217041;-1.2823948860168457;1.5441713333129883
7.375636577606201;-1.4758834838867188;1.7444372177124023
8.907822608947754;-1.3953932523727417;1.678328514099121
9.391439437866211;-1.0148786306381226;1.4688720703125
8.412137031555176;-1.0385440587997437;0.715052604675293
5.224143981933594;-1.1076595783233643;-0.15795040130615234
1.8949294090270996;-0.9458684325218201;0.1854848861694336
-0.8114655613899231;-0.6005436778068542;1.1049156188964844
-4.1555681228637695;-0.4237859547138214;1.1177864074707031
-6.779312610626221;-0.06507003307342529;0.033051490783691406
-9.51429271697998;-0.013039346784353256;-0.12284183502197266
-10.803777694702148;0.32977670431137085;1.2684354782104492
-9.669534683227539;0.41410568356513977;1.4129657745361328
-7.711477279663086;0.1516946703195572;-0.16190242767333984
-5.634134769439697;-0.24695709347724915;-1.1980562210083008
-2.366905689239502;-0.6668974757194519;-1.271622657775879
1.6739922761917114;-1.0634199380874634;-0.6333541870117188
4.19817590713501;-1.4919911623001099;0.2324676513671875
6.7297797203063965;-1.6187890768051147;1.1652898788452148
8.559170722961426;-1.4834281206130981;1.696885108947754
9.598527908325195;-1.3651936054229736;1.6030693054199219
9.88064956665039;-1.147010326385498;1.2521686553955078
8.138172149658203;-1.1340947151184082;0.03982257843017578
5.327306747436523;-1.2252360582351685;-0.9730710983276367
2.0524723529815674;-1.0777283906936646;-0.7291288375854492
-1.5858154296875;-0.7386032938957214;0.06767749786376953
-5.748622894287109;-0.6474029421806335;0.26850414276123047
-9.815238952636719;-0.30745312571525574;1.216217041015625
-12.081622123718262;0.016024336218833923;3.173977851867676
-11.750239372253418;0.4132903218269348;4.2249345779418945
-7.653537750244141;0.5490920543670654;2.502861976623535
-3.286503314971924;0.03915701061487198;-0.15229511260986328
-0.1191493421792984;-0.31415438652038574;-1.5921812057495117
1.769485354423523;-0.46151959896087646;-0.6914958953857422
3.1164820194244385;-0.44629985094070435;0.5995759963989258
3.4739277362823486;-0.28919917345046997;1.1783571243286133
3.196275234222412;-0.0819936990737915;1.082148551940918
2.571375846862793;-0.17483721673488617;0.1335926055908203
2.0286455154418945;-0.45376330614089966;-0.7340993881225586
0.8458744883537292;-0.47225841879844666;-0.29984474182128906
0.9167138338088989;-0.05258479714393616;1.126443862915039
1.5227386951446533;-0.29206612706184387;1.1370658874511719
0.6370123624801636;-0.2677418291568756;0.25710105895996094
0.1629818081855774;-0.39480292797088623;-0.8246726989746094
0.6345969438552856;0.10760951042175293;-1.6623106002807617
-0.3356342315673828;-0.1883048117160797;-1.6701240539550781
1.5514501333236694;-0.23932643234729767;0.3922004699707031
2.491870880126953;0.2775980234146118;5.092568397521973
-1.8262794017791748;-0.12847621738910675;-2.024414539337158
0.8454602956771851;1.112004280090332;0.5048360824584961
-0.7874104976654053;2.3414673805236816;0.11291217803955078
-1.7205904722213745;0.5650817155838013;0.5085382461547852
0.12083780765533447;-0.8645716905593872;0.29111576080322266
0.5900696516036987;-0.8393290042877197;-0.21594524383544922
-0.34173130989074707;-0.43347156047821045;-0.04876232147216797
-0.42384862899780273;-0.1312551498413086;-0.13198089599609375
-0.1371443271636963;-0.5976060032844543;0.28639888763427734
1.5226742029190063;-1.3645192384719849;-0.8435354232788086
0.734239935874939;-0.6881500482559204;-0.41690540313720703
0.2284771203994751;-0.4830667972564697;-0.8795289993286133
-0.112526535987854;-1.0766338109970093;-0.08283329010009766
0.7598005533218384;-1.4101548194885254;0.5076942443847656
1.216850757598877;-1.6196839809417725;0.9706993103027344
1.21034836769104;-1.3555147647857666;0.6144618988037109
0.21748432517051697;-1.022038221359253;1.109868049621582
0.01452481746673584;-0.7040149569511414;0.8219318389892578
0.2518932819366455;-0.6288802623748779;0.9793615341186523
0.21369455754756927;-0.4099717140197754;1.0388154983520508
0.2820456326007843;-0.2626758813858032;0.6669244766235352
-0.020684242248535156;0.3506796360015869;0.2990446090698242
-0.10230380296707153;0.39902496337890625;0.17754554748535156
-0.493979811668396;0.08176684379577637;0.6845903396606445
-0.40084707736968994;-0.1060492992401123;0.831599235534668
-0.07684093713760376;-0.032877564430236816;0.7992029190063477
-0.05727332830429077;0.15795552730560303;0.45843505859375
-0.22148388624191284;0.2936900854110718;0.13317298889160156
-0.3980441093444824;0.5107747316360474;-0.19215774536132813
-0.18573296070098877;0.4827613830566406;-0.052135467529296875
-0.243019700050354;0.4530128240585327;0.11468696594238281
-0.1454007625579834;0.581689715385437;-0.07696342468261719
-0.16707807779312134;0.4564507007598877;0.21047687530517578
-0.09737992286682129;0.18723034858703613;0.19445323944091797
-0.14310550689697266;-0.09175610542297363;0.33307933807373047
0.014543592929840088;-0.6678215265274048;0.6783332824707031
0.2401489019393921;-0.6447567939758301;0.5923347473144531
0.5842158794403076;-0.6494569182395935;0.7408351898193359
0.46830183267593384;-0.2335546612739563;0.4316873550415039
0.40157604217529297;-0.2710137367248535;0.5637912750244141
0.40571537613868713;-0.49301618337631226;0.9080524444580078
0.08926290273666382;-0.4755215644836426;0.9261989593505859
0.3114180862903595;-0.6195024251937866;1.066436767578125
-0.019425809383392334;-1.7023122310638428;-0.3371429443359375
0.22768115997314453;0.01989924907684326;-0.010125160217285156
0.29332318902015686;0.4326789379119873;-0.2957735061645508
0.16974395513534546;-0.2351623773574829;0.5074663162231445
-0.10531377792358398;-0.46928003430366516;0.3992481231689453
0.06473767757415771;-0.10415953397750854;0.22745037078857422
0.1932910978794098;0.1772289276123047;0.0820322036743164
0.21247133612632751;0.15731275081634521;0.04039573669433594
0.13060849905014038;-0.044297099113464355;0.30919551849365234
-0.017368435859680176;-0.27698296308517456;0.4895181655883789
-0.07658928632736206;-0.18173909187316895;0.4883613586425781
-0.15864992141723633;-0.9219210147857666;0.39661502838134766
0.2987293601036072;0.022139906883239746;0.4471912384033203
0.2240384817123413;0.4751126766204834;-0.24381637573242188
-0.18485522270202637;0.24690520763397217;0.3900146484375
-0.08468067646026611;-0.5025964379310608;0.7933340072631836
0.17281639575958252;-0.48197996616363525;0.779423713684082
0.3605051636695862;-0.08158326148986816;0.4858512878417969
0.3722037672996521;0.16738951206207275;0.17112255096435547
0.23346173763275146;0.2676020860671997;-0.017641067504882813
0.30880624055862427;0.0900963544845581;0.17233943939208984
0.34630894660949707;-0.21086692810058594;0.5207242965698242
0.1584792137145996;-0.008782029151916504;0.45657825469970703
0.07568693161010742;0.5823068618774414;-0.07390403747558594
0.08334535360336304;0.05356252193450928;0.4301261901855469
-0.17519038915634155;-0.3992266058921814;0.895909309387207
-0.08142030239105225;-0.19661307334899902;0.6811952590942383
0.02362436056137085;-0.06612884998321533;0.5192575454711914
0.1496598720550537;-0.07415771484375;0.4627237319946289
0.07657045125961304;0.054955482482910156;0.3587198257446289
0.057878077030181885;-0.06363391876220703;0.36995792388916016
0.19848030805587769;-0.20788753032684326;0.4939870834350586
0.15080231428146362;-0.18551921844482422;0.49046993255615234
0.12685805559158325;-0.07663452625274658;0.32129383087158203
0.03665018081665039;0.011104702949523926;0.19844341278076172
0.08273082971572876;0.07825469970703125;0.15069007873535156
0.07585060596466064;-0.07602512836456299;0.3160667419433594
0.17370998859405518;-0.15630650520324707;0.3476085662841797
0.22417229413986206;-0.04885518550872803;0.21430587768554688
0.17796218395233154;0.04619872570037842;0.14975929260253906
0.04455769062042236;0.04927217960357666;0.10873126983642578
