0.64703304;0.7763199;10.061034
0.5823896;0.8343793;10.007165
0.39983168;0.7589619;10.117298
0.12449849;0.5518635;10.274118
0.21428105;0.41240123;10.326791
0.28491;0.39983168;10.347141
0.12868834;0.4369418;10.333973
-0.06943185;0.45070848;10.304046
-0.3453636;0.34835634;10.155605
-0.3405752;0.23104046;9.968259
-0.22505496;0.29388827;9.962274
-0.092176765;0.4902128;9.986216
-0.09816227;0.3812766;9.97604
-0.18315643;0.16160862;10.056845
-0.21308395;0.11611878;10.222044
-0.09876082;0.12150574;10.129868
-0.11731588;0.25139117;10.081385
-0.17896658;0.23044191;10.172364
-0.219668;0.15023616;10.189722
-0.18195933;0.048482586;10.266935
-0.19033903;0.046088383;10.241198
-0.18914193;0.110133275;10.046669
-0.15382746;0.18854338;10.028712
-0.16998832;0.108936176;10.245388
-0.23642741;0.021547815;10.348338
-0.11133038;0.1604115;10.186729
-0.008978256;0.20530279;10.100538
0.07062895;0.26396075;10.211869
0.05626374;0.22146365;10.2896805
0.019752163;0.15981296;10.250774
-0.11312603;0.095768064;10.243592
0.010773907;0.18435353;10.291476
0.15203181;0.22685061;10.477625
0.093373865;0.14844051;10.475829
-0.049679685;0.14664486;10.246585
-0.053869538;0.12988544;10.18254
0.005985504;0.12629414;10.247782
0.018555064;0.095768064;10.326192
-0.036511578;0.20590134;10.144831
-0.12569559;0.17238252;10.110714
-0.031124622;0.130484;10.15381
-0.08140286;0.11372458;10.210671
-0.19393034;0.08798691;10.172364
-0.20051439;0.05925649;10.198102
-0.108936176;0.13587095;10.178948
-0.13227965;0.14185645;10.197504
-0.046686932;0.110731825;10.30225
-0.089782566;0.07182605;10.357915
-0.20949265;0.036511578;10.33517
-0.19991584;0.107140526;10.345944
-0.22266077;0.2160767;10.2406
-0.19273324;0.24361002;10.139444
-0.12210429;0.3393781;10.174759
-0.12389994;0.2633622;10.169372
-0.17956513;0.219668;10.235212
-0.1945289;0.11552023;10.222643
-0.10235212;0.1376666;10.260351
-0.12868834;0.12749124;10.16578
-0.1316811;0.065242;10.237008
-0.110133275;-0.013766659;10.299856
-0.12749124;0.022744916;10.26933
-0.11731588;0.12330139;10.089166
-0.05566519;0.25198972;10.007165
0.10055647;0.272939;10.080188
0.047285482;0.18076223;10.150218
-0.017357962;0.18974048;10.114903
-0.047884032;0.23343466;10.027515
-0.08200141;0.16759412;10.180744
-0.08080431;-0.004189853;10.301053
-0.18614918;-0.0700304;10.305841
-0.17118542;0.036511578;10.307038
-0.074220255;0.088585466;10.290278
-0.014963761;0.14185645;10.163984
-0.10474633;0.1388637;10.171167
-0.11971009;0.031124622;10.386047
-0.16400282;0.027533319;10.36031
-0.16220717;0.06344634;10.208278
-0.12449849;0.08200141;10.245388
-0.08619126;0.046686932;10.332776
-0.12749124;0.031124622;10.272921
-0.075417355;0.047285482;10.188525
-0.08619126;0.046088383;10.1861315
-0.107140526;0.04070143;10.23222
-0.0712275;0.006584055;10.208876
-0.074220255;0.061052144;10.257359
-0.046686932;0.076614454;10.29806
-0.02813187;0.061650693;10.141838
-0.022146367;0.110731825;10.084976
0.059855044;0.17417817;10.174759
-0.033518825;0.13467385;10.147225
-0.08559271;0.027533319;10.223241
-0.05626374;0.023942016;10.346542
-0.05805939;0.12509704;10.254965
-0.05925649;0.14664486;10.176555
0.02633622;0.077213004;10.333973
-0.108936176;-0.021547815;10.493188
-0.094570965;0.008978256;10.350733
-0.06823475;0.110731825;10.178948
0.01616086;0.15322891;10.08737
0.034117375;0.11611878;10.189124
0.023343466;0.032920275;10.320207
0.04129998;-0.0017956513;10.256162
0.008379706;0.046088383;10.11251
-0.022744916;0.10115502;10.098145
-0.055066638;0.02633622;10.309433
-0.065242;0.04189853;10.25257
-0.04189853;0.11432313;10.176555
0.021547815;0.21547815;10.153211
-0.014963761;0.15622166;10.284293
-0.0035913025;0.10354923;10.371083
-0.0724246;0.08499416;10.368689
0.01436521;0.10055647;10.323199
0.044891283;0.11611878;10.2735195
0.05686229;0.17836803;10.117896
0.060453594;0.12928689;10.205285
0.020949265;0.142455;10.200497
0.030526072;0.10474633;10.116699
0.05566519;0.09876082;10.152014
0.05925649;0.16998832;10.057443
0.077213004;0.26156655;10.100538
0.12449849;0.1592144;10.2417965
0.089782566;0.2208651;10.340557
0.05626374;0.25079262;10.2406
0.076015905;0.25737667;10.3453455
0.079008654;0.18854338;10.435727
0.061650693;0.16938977;10.295067
0.061052144;0.15981296;10.312426
0.09636662;0.10175357;10.396821
-0.010773907;0.08499416;10.207081
0.05207389;0.16101007;10.080188
0.095768064;0.2208651;10.01315
0.05686229;0.23163901;10.0269165
0.046686932;0.18255788;10.092757
0.093972415;0.23104046;10.084377
0.11791443;0.31304187;10.141838
0.11851298;0.23642741;10.381857
0.0796072;0.18614918;10.282497
0.077811554;0.30286652;10.242993
0.078410104;0.25857377;10.356119
0.04189853;0.20231004;10.235811
0.11791443;0.29269117;10.2495775
0.053869538;0.23044191;10.251971
0.110133275;0.14963761;10.299257
0.18974048;0.24420857;10.245388
0.18734628;0.3681085;10.025121
0.21547815;0.3549404;10.140042
0.23343466;0.22385786;10.324995
0.18076223;0.272939;10.175956
0.23523031;0.40402153;10.10413
0.31184477;0.40162733;10.180145
0.27832595;0.38367084;10.266336
0.23044191;0.29388827;10.305243
0.26515785;0.29628247;10.354323
0.24361002;0.27712885;10.250774
0.23463176;0.30166942;10.198701
0.24959552;0.22924481;10.111911
0.2633622;0.25857377;10.108319
0.23343466;0.21188685;10.186729
0.2789245;0.14844051;10.251373
0.30047232;0.1592144;10.221446
0.3854665;0.26156655;10.254965
0.46686932;0.23044191;10.318411
0.50876784;0.23642741;10.345944
0.5081693;0.24301147;10.275913
0.49440265;0.22266077;10.3226
0.50517654;0.17058687;10.278907
0.4794389;0.24779987;10.171766
0.44711718;0.23523031;10.149021
0.439336;0.19572599;10.277709
0.36391866;0.19512744;10.171766
0.3196259;0.26515785;9.975441
0.39085343;0.24899697;10.087969
0.48123455;0.20410569;10.283695
0.48841715;0.27114335;10.237606
0.5177461;0.27473465;10.2495775
0.47644615;0.260968;10.23222
0.45250413;0.22565351;10.181941
0.5315128;0.25498247;10.254965
0.4842273;0.20590134;10.266336
0.39145198;0.18914193;10.196306
0.45549688;0.19572599;10.241198
0.521936;0.15741876;10.275315
0.5327099;0.12330139;10.238205
0.54168814;0.13467385;10.223241
0.5081693;0.08678981;10.187328
0.48123455;0.046088383;10.1939125
0.4381389;0.046088383;10.151415
0.42197806;0.06584055;10.044873
0.3609259;0.039504327;10.052056
0.29688102;0.022744916;10.132261
0.31124622;0.0664391;10.157401
0.31364042;0.15083471;10.198701
0.31902736;0.2112883;10.180145
0.24660277;0.19991584;10.150218
0.3238158;0.16639702;10.333375
0.20829555;0.20410569;10.20289
0.14784196;0.25737667;10.213664
0.19931729;0.17477672;10.378864
0.12090719;0.15083471;10.447698
0.0077811554;0.11252748;10.374076
-0.03172317;0.15203181;10.2974615
-0.04309563;0.1933318;10.175956
-0.095169514;0.21068975;10.196905
-0.13706805;0.15861586;10.201095
-0.20470424;0.14425065;10.233417
-0.29209262;0.13946225;10.201694
-0.29747957;0.21428105;10.310031
-0.25917232;0.207697;10.281301
-0.28311434;0.24899697;10.219051
-0.27353755;0.24720132;10.17835
-0.24001873;0.28191724;10.109517
-0.24181437;0.25378537;10.166379
-0.27473465;0.16101007;10.242993
-0.2669535;0.07182605;10.328587
-0.11731588;0.12030864;10.365098
-0.089184016;0.17178397;10.374675
-0.16759412;0.095169514;10.368091
-0.23223756;0.038307227;10.268132
-0.3465607;0.06284779;10.254965
-0.3393781;-0.011971008;10.332177
-0.29029694;0.013766659;10.234613
-0.2789245;0.14185645;10.080188
-0.24839842;0.050876785;10.216658
-0.26156655;-0.1412579;10.33098
-0.2741361;-0.18734628;10.281301
-0.27234045;-0.108337626;10.238205
-0.1945289;-0.17836803;10.2495775
-0.17238252;-0.22744916;10.271724
-0.1412579;-0.18854338;10.257957
-0.076614454;-0.21667525;10.234613
-0.07182605;-0.16938977;10.341156
-0.02873042;-0.10115502;10.181343
0.006584055;-0.0688333;10.149021
-0.019752163;-0.12210429;10.21546
-0.090381116;-0.16759412;10.205285
-0.090979666;-0.08200141;10.064027
-0.08559271;-0.0011971008;9.998186
-0.12270284;-0.11731588;10.26514
-0.109534726;-0.24839842;10.452486
-0.10534488;-0.20231004;10.337564
-0.109534726;-0.16160862;10.231621
-0.06584055;-0.17717093;10.284293
-0.1340753;-0.15083471;10.347141
-0.12389994;-0.10295067;10.236409
-0.076614454;-0.02633622;10.14543
-0.04309563;-0.095768064;10.268731
-0.207697;-0.14963761;10.214862
-0.2136825;-0.049679685;9.977237
-0.22146365;-0.08619126;10.102933
-0.260968;-0.22565351;10.189722
-0.31423897;-0.21428105;10.208876
-0.2693477;-0.13706805;10.086772
-0.30765492;-0.10235212;10.055647
-0.30945057;-0.12868834;10.094553
-0.24959552;-0.12629414;10.284892
-0.27593175;-0.19093758;10.341754
-0.2837129;-0.14724341;10.291476
-0.23942018;-0.10354923;10.272921
-0.23283611;-0.1376666;10.348937
-0.26635495;-0.090979666;10.279505
-0.23163901;0.025139118;10.126276
-0.25617957;0.045489833;10.190321
-0.3465607;-0.05207389;10.335769
-0.41599256;-0.045489833;10.200497
-0.39504328;-0.013766659;10.251971
-0.43275195;-0.04369418;10.259154
-0.5291186;-0.049679685;10.242993
-0.50038815;-0.077213004;10.256162
-0.4854244;-0.046686932;10.289082
-0.4997896;-0.053869538;10.292673
-0.3489549;-0.11791443;10.329783
-0.2908955;-0.0724246;10.423157
-0.16759412;0.0017956513;10.323199
-0.034117375;0.05925649;10.29387
0.048482586;0.038307227;10.424355
0.095169514;0.04249708;10.399215
0.11791443;0.15502456;10.149619
0.1400608;0.2136825;9.93474
0.18255788;0.27712885;10.092158
0.23582886;0.16160862;10.237606
0.20410569;0.15322891;10.274118
0.23463176;0.17657238;10.232818
0.24001873;0.14844051;10.228029
0.14903906;0.16220717;9.951499
0.08080431;0.22804771;9.820416
0.11791443;0.2220622;10.114903
0.10414778;0.110731825;10.140042
0.048482586;0.12449849;10.160394
0.093972415;0.14544775;10.228029
0.055066638;0.11611878;10.312426
0.088585466;0.074220255;10.399814
0.07182605;0.10235212;10.391434
0.18674773;0.17896658;10.346542
0.15801731;0.20410569;10.333973
0.2208651;0.15442601;10.3639
0.29269117;0.12509704;10.515932
0.5518635;0.22864626;10.511743
0.599149;0.43634325;10.1861315
0.5303157;0.36631286;10.183139
0.54408234;0.17956513;10.515334
0.50876784;0.21547815;10.480618
0.48362875;0.3298013;10.174759
0.41479546;0.36152446;10.057443
0.36511576;0.34117374;10.108918
0.32022446;0.3585317;10.099341
0.17717093;0.25378537;10.077793
0.10235212;0.18076223;10.109517
0.13826515;0.17357962;10.150218
0.18914193;0.15622166;10.187328
0.24899697;0.12270284;10.290278
0.23104046;0.049081136;10.288484
0.3752911;0.20590134;10.229227
0.4866215;0.29388827;10.118495
0.47465047;0.23882163;10.048465
0.51235914;0.25019407;9.895834
0.5626374;0.43873745;9.810242
0.5518635;0.3788824;9.855731
0.56922144;0.19572599;10.1382475
0.427365;0.20949265;10.30225
0.41120413;0.22625206;10.344747
0.57400984;0.43993455;10.266336
0.4914099;0.54049104;10.196905
0.3369839;0.55485624;10.33936
0.26276365;0.5374983;10.337564
0.16160862;0.6847417;10.213066
-0.093373865;0.89184016;10.105327
0.060453594;0.59974754;10.040684
0.2124854;0.83737206;10.238205
0.24600422;0.3842694;10.390836
0.3477578;0.25258827;10.444705
0.18495208;0.24001873;10.737396
0.0796072;0.20350714;10.569203
0.39504328;-0.12270284;10.162787
0.16160862;-0.090381116;10.724827
0.5327099;-0.034715924;10.557233
0.47465047;-0.05626374;10.787076
0.39983168;-0.038307227;11.019313
0.7248446;-0.05746084;10.745177
0.94930094;-0.23104046;10.510546
1.0181342;-0.12210429;10.736797
1.4628572;0.047884032;10.592546
1.5472529;0.12090719;10.253169
1.3910311;0.29987377;10.051457
1.3413515;0.6428431;9.736021
1.3688848;0.8265981;9.592369
1.3623008;0.75118077;9.383475
1.2844892;0.878672;9.316438
1.2024878;1.0809821;9.454702
1.1599907;1.0133458;9.712079
1.1785458;0.9923966;9.990405
1.1629834;0.85772276;9.888652
1.0432734;0.7769185;10.043077
1.2389994;0.92655605;10.283695
1.311424;0.9756372;10.163386
1.3437457;0.7392098;10.6117
1.3257892;0.38606504;10.764331
1.3694834;0.43275195;10.861296
1.3305776;0.45310268;10.456676
1.1647792;0.4878186;9.648034
0.7673417;0.5919664;9.317635
0.64703304;0.6847417;9.586982
0.5021838;0.664391;9.3260145
0.47644615;0.83138657;9.4774475
0.78410107;1.0636241;9.965266
0.94570965;0.8182184;10.636241
0.9947908;0.5823896;10.973824
0.7445967;0.62129533;10.578181
0.8026561;1.0295067;10.168773
0.81343;1.2479776;9.931747
0.51355624;1.1779473;9.595961
0.3196259;1.2294226;9.704897
0.24540567;1.1480197;9.989208
0.2813187;1.0408791;10.436325
0.2705448;0.8834604;10.486604
0.08080431;1.1264719;10.314819
-0.0047884034;1.1569979;10.307637
0.18375498;1.1821371;10.035895
0.077213004;1.2922704;10.02153
-0.2717419;1.110311;9.944317
-0.25558102;1.1432313;10.026319
0.17597382;1.3126211;10.9343195
-0.23463176;0.9487024;10.163984
-0.97144735;1.1013328;9.833585
-1.049259;1.3664906;9.964667
-0.5650316;1.1312603;10.8182
-0.95708215;0.8888474;10.432136
-2.0907366;0.8619126;9.897031
-2.2930467;1.0959458;9.5971575
-2.3918076;1.2856863;9.111733
-2.1799207;1.2366052;9.928156
-2.3660698;1.0049661;9.964667
-2.6647465;0.9708488;9.689334
-2.8329391;0.88166475;9.640852
-2.416348;1.0007763;9.824008
-2.078167;1.049259;10.028113
-1.8393455;1.0911574;10.202292
-1.9363106;1.0911574;10.011354
-2.0296845;1.110311;9.8515415
-2.1392193;1.1127052;9.606135
-2.0967221;1.1599907;9.618706
-1.7950528;1.1773487;10.0508585
-1.9267339;1.0540473;10.041881
-2.1667526;0.89303726;9.972448
-2.1218612;0.9283517;9.954493
-2.0470424;0.90979666;9.852738
-1.8992004;0.9139865;9.865308
-1.46585;1.103727;10.224439
-1.6849195;0.92296475;10.098145
-1.7848774;0.83138657;9.956287
-1.6502035;0.9696517;9.951499
-1.5987282;0.9271546;10.037092
-1.5328877;0.9259575;10.045472
-1.6705543;0.9091981;9.914988
-1.6208745;0.878672;10.280702
-1.7878702;0.78050977;10.143634
-1.8255788;0.9091981;9.870695
-1.638831;0.94451255;9.956886
-1.6992847;0.89303726;9.943718
-1.702876;0.8050503;10.08318
-1.7471687;0.8170213;10.070012
-1.7244238;0.84694886;9.986216
-1.5358804;0.8858546;10.201694
-1.5801731;0.81761986;10.163984
-1.620276;0.7529764;10.127473
-1.4508862;0.83258367;10.121488
-1.4760253;0.7882909;10.183139
-1.5077485;0.7906851;10.053851
-1.417966;0.85473;9.991602
-1.3982137;0.8487445;10.092158
-1.471237;0.7745243;10.031107
-1.5346833;0.85532856;9.88506
-1.460463;0.9056068;9.820416
-1.3449428;0.90979666;9.940127
-1.3628993;0.90740246;10.043077
-1.4969746;0.6380547;10.096349
-1.4622587;0.7404069;10.111911
-1.3910311;0.83138657;9.67018
-1.5328877;0.80804306;9.77792
-1.1653777;0.66498953;10.205883
-0.7882909;0.7529764;10.192117
-0.338181;0.7882909;10.226832
0.24600422;1.0444705;10.199299
-0.54647654;0.6739678;10.425551
0.94930094;1.1390414;9.97185
0.5410896;1.270124;9.842564
0.5279215;1.0851719;10.093954
0.87328506;1.2132617;10.344747
1.1408371;1.1324574;10.357915
0.75118077;0.7661445;10.128671
0.7553706;0.80205756;10.228628
0.6871359;0.8062474;10.093356
0.8038532;0.7445967;10.147824
1.0600328;0.91937345;9.983223
0.9576807;0.85532856;10.038289
0.6871359;0.5315128;10.056246
0.84335756;0.6745663;9.628283
0.789488;0.49679685;9.621698
0.92296475;0.4189853;9.946113
1.5053543;0.32202014;10.198102
1.9015948;0.3184288;9.947908
1.0935516;-0.23283611;9.799467
0.5674258;-0.8924387;10.629657
1.2276269;-1.1803415;10.773908
1.7866731;-0.6955156;10.481216
1.3988123;-0.9768343;10.104729
0.6961141;-1.2743138;10.1544075
0.41599256;-2.0021513;11.186309
0.89064306;-1.8746599;11.04565
1.2497733;-1.1953052;10.236409
1.2192472;-1.0630256;10.018537
1.4371196;-0.74998367;9.81922
1.8794483;-0.46327803;9.793482
1.4095862;-0.10115502;9.853337
3.9031472;0.2861071;9.448118
3.2650926;0.33159694;9.581595
3.41892;0.39803603;9.759963
3.6936548;0.29568392;9.827001
4.0438066;0.43873745;10.1621895
4.095282;0.46627077;10.197504
4.047398;0.6422446;9.751583
3.638588;0.52971715;9.632472
4.135385;0.5398925;11.136629
3.071761;0.29149407;10.150817
2.4199393;0.62608373;10.144233
2.03567;0.59615624;10.026319
2.243367;0.95109665;9.81503
2.2906525;1.323395;9.733028
1.8357542;1.4706384;9.300277
1.8052281;1.8022354;9.0315275
1.8028339;2.0368671;9.016563
1.822586;2.0326772;8.986636
1.9393034;2.132635;9.085996
1.7872716;2.099715;8.995614
1.7735049;2.0159178;9.131485
1.5759833;1.4939818;10.088568
1.7842789;1.2366052;10.358514
1.6741456;1.5304934;9.895834
1.8237832;1.5903485;9.99639
1.8459295;1.5693992;9.998785
1.6962919;1.453879;10.051457
1.6502035;1.3371617;10.1304655
1.8381484;1.5023615;10.040684
1.8531121;1.5472529;9.807249
1.7753005;1.7298107;9.364322
1.4526819;1.4000094;9.567828
1.316811;1.1013328;9.451111
1.4921862;1.2665327;8.483255
1.1408371;1.086369;8.371924
1.3096284;0.19871874;9.528324
2.005144;-0.40162733;10.49199
2.4756045;-0.676362;10.930728
2.2415714;-0.81522566;10.500969
1.8321629;-1.3251907;11.077373
2.078167;-1.489792;11.215638
2.0087352;-1.5035586;11.350311
2.0560207;-1.2838906;10.879252
2.022502;-0.83497787;10.140042
1.8543092;-0.724246;10.014946
1.6777369;-0.9696517;10.311228
1.8734628;-0.8265981;10.174759
1.9255368;-0.75596917;9.956287
2.0440497;-0.6422446;9.901819
1.9428947;-0.75716627;10.110714
1.905186;-0.92895025;10.108319
1.9847932;-0.88046765;10.074203
1.9949685;-0.9068039;10.100538
2.0057425;-0.8391677;9.994595
1.9668367;-0.84694886;9.87668
1.9422961;-0.8762778;9.917382
2.0165164;-0.8714894;9.900024
1.9393034;-0.79726917;9.803059
1.9572599;-0.7966706;9.859921
2.0081367;-0.8463503;9.974244
2.018312;-0.8218097;10.067019
1.9925743;-0.83018947;10.0029745
1.9883845;-0.79128367;10.00477
2.079364;-0.7763199;10.073005
1.9602526;-0.8463503;10.070611
2.0099323;-0.8834604;10.090961
2.079364;-0.8331822;9.985018
1.9883845;-0.8331822;9.975441
2.0153193;-0.84216046;10.045472
2.0428526;-0.85413146;9.992201
2.0039468;-0.7823054;9.943718
2.0147207;-0.7685388;10.093954
1.8866309;-0.8948329;10.111312
1.9440918;-0.8206126;10.067019
2.0015526;-0.84096336;10.431537
1.7735049;-0.9475053;10.3932295
2.005144;-0.82779527;10.79785
1.5406688;-0.90979666;10.532692
1.7549498;-0.91219085;10.763732
2.6898856;-0.6955156;12.665926
0.6194997;-0.8146271;10.418967
-1.0947487;-0.27234045;8.847773
-1.4784195;-0.073621705;9.490017
-1.4395138;-0.18674773;9.592369
-1.7465701;-0.0700304;9.377489
-2.1188686;-0.20649989;9.463681
-1.8596961;0.024540568;9.397242
-1.7711107;0.10055647;9.425373
-1.8950106;-0.0053869537;9.425972
-1.6609775;-0.1352724;10.032902
-1.5634137;-0.16759412;9.9790325
-1.6418238;-0.11192893;9.947908
-1.5999253;-0.08619126;10.056246
-1.6998832;-0.095768064;9.9951935
-1.7878702;-0.22625206;10.077793
-1.54845;-0.06943185;10.08318
-1.5340848;-0.10055647;10.168175
-1.5855601;-0.11791443;10.113108
-1.3664906;0.060453594;10.151415
-1.3491327;0.059855044;10.156802
-1.5777789;-0.0035913025;10.09575
-1.4335283;-0.005985504;10.304046
-1.4257472;0.09935937;10.187927
-1.3317747;0.110731825;10.09994
-1.3581109;0.12868834;10.135853
-1.3174095;0.15502456;10.11251
-1.359308;0.11911154;10.037092
-1.352724;0.065242;10.132261
-1.3628993;0.0023942017;10.174759
-1.3215994;0.11851298;10.020332
-1.3640964;0.11133038;10.081984
-1.3305776;0.027533319;10.198701
-1.3443443;0.095169514;9.999982
-1.3413515;0.12330139;9.980828
-1.3138182;0.035314474;10.144233
-1.2413936;0.012569559;10.184934
-1.2503718;0.15502456;10.026319
-1.2443863;0.1945289;9.988011
-1.1246762;0.17717093;10.155605
-1.091756;0.15263036;10.228628
-1.1546037;0.09756372;10.218452
-1.127669;0.12629414;10.166978
-1.0779893;0.12749124;10.1460285
-1.0875661;0.10175357;10.13705
-1.134253;0.089184016;10.149021
-0.997185;0.11372458;10.242394
-1.062427;0.14305355;10.070611
-1.1013328;0.14305355;10.110115
-1.1348516;0.10115502;10.1699705
-1.0851719;0.09816227;10.179547
-0.97144735;0.16938977;10.140641
-1.033098;0.142455;10.10413
-1.0546459;0.08319851;10.234613
-1.091756;0.047285482;10.216658
-1.0366893;0.13108255;10.177752
-0.97862995;0.12928689;10.143634
-1.0271125;0.130484;10.196306
-1.1019313;0.11671733;10.223241
-1.0456676;0.14065935;10.299257
-1.0965444;0.1604115;10.136452
-1.1498153;0.11252748;10.136452
-1.1384429;0.08379706;10.226234
-1.1025299;0.11492168;10.140641
-1.1025299;0.14784196;10.172963
-1.0947487;0.06584055;10.241198
-1.062427;0.1436521;10.0748005
-0.8834604;0.2124854;10.119094
-0.97862995;0.12449849;10.153211
-1.0307038;0.13826515;10.042479
-0.94092125;0.17717093;10.103531
-0.9696517;0.11791443;10.157401
-0.9391256;0.12270284;10.228628
-0.94570965;0.18614918;10.045472
-0.97264445;0.16938977;10.170568
-0.96546185;0.13706805;10.276512
-0.9959879;0.14724341;10.261548
-0.94570965;0.2184709;10.255563
-0.9756372;0.17118542;10.099341
-0.98581254;0.2789245;10.059837
-0.9660604;0.17597382;10.2495775
-1.1611878;0.044292733;10.21127
-1.0498575;0.130484;10.093356
-0.9528923;0.19871874;10.077195
-1.0265139;0.17657238;10.136452
-0.98222125;0.13706805;10.205285
-0.9295488;0.13946225;10.187927
-0.9355343;0.21188685;10.170568
-0.919972;0.2088941;10.220248
-0.95708215;0.22565351;10.092158
-0.9032126;0.25079262;10.109517
-0.89303726;0.20470424;10.224439
-0.9235633;0.18854338;10.191518
-0.8702923;0.23942018;10.160394
-0.93852705;0.20470424;10.160394
-0.90500826;0.24600422;10.019135
-0.90500826;0.27832595;10.1143055
-0.9427169;0.2124854;10.017939
-0.93972415;0.24301147;10.26933
-0.87927055;0.2220622;10.213066
-0.7751228;0.40342298;10.009559
-0.5363012;0.3842694;9.891046
-0.10594343;0.6548142;9.942521
0.39803603;0.997185;9.575011
0.8690952;0.9792285;9.297284
1.323395;0.5626374;9.630676
2.5552118;1.7310078;9.237429
3.4632127;1.8357542;9.085996
4.1892543;1.632247;10.192117
4.706402;1.6274586;10.670359
3.8696284;1.1510124;10.262147
3.4171243;1.3425486;9.635465
3.3159695;1.4826094;9.066243
2.9005754;1.1354501;8.838794
2.818574;1.0516531;9.730635
2.9586349;0.5554548;9.97185
2.706645;0.39624038;9.907207
2.3259668;0.36391866;9.861118
2.2242134;-0.046686932;10.600328
2.1517887;-0.48243165;11.211448
1.5927427;-0.40043023;10.055049
2.178125;-0.338181;11.118672
2.3008277;-0.43634325;11.637017
1.3263878;-0.48123455;10.202292
2.0811598;-0.09995792;10.878056
2.2649148;0.56563014;11.051635
1.6927006;0.59136784;9.753978
1.5574282;1.0977415;9.489418
2.5905263;1.496376;10.861296
1.7549498;1.34195;9.824008
1.1510124;1.650802;9.296685
0.4890157;1.6873137;8.999206
0.43754035;1.804031;8.986636
0.1933318;1.875857;8.776545
0.2112883;1.8016368;8.920795
-0.1376666;1.572392;8.863934
-0.44532153;1.163582;9.45171
-0.8319851;0.6925228;10.387244
-1.0319009;0.17597382;10.449493
-0.84455466;0.4381389;10.596138
-0.81881696;0.34356794;10.839149
-0.49200845;0.25498247;11.877036
-1.3437457;0.18375498;10.593145
-1.7046716;0.43873745;10.022727
-1.0402806;0.6380547;10.992977
-1.6759412;0.78769237;9.524135
-1.5239093;1.0815806;9.306262
-1.4568717;0.53330845;10.845734
-2.630629;0.05925649;9.696517
-3.2842462;0.24839842;9.081207
-2.417545;0.13108255;10.868479
-2.7617116;0.25558102;10.023924
-3.876811;0.52373165;8.800487
-3.8612487;0.3513491;9.436148
-3.839701;0.49679685;9.139865
-3.8618474;0.8762778;8.794501
-3.9217024;0.7505822;8.926183
-4.31914;0.7422025;8.608353
-4.271256;0.6913257;8.595184
-3.6337996;0.6338649;9.508572
-3.5811272;0.6865373;9.346964
-3.7140055;0.60333884;9.074623
-3.6894648;0.682946;8.5383215
-3.0298622;0.61890113;8.813655
-1.0432734;0.78050977;9.69113
0.39983168;0.81343;11.019313
0.15981296;0.43275195;11.184513
0.040102877;0.16160862;10.761936
0.2908955;0.29927522;10.488997
1.2539631;0.6775591;10.820595
1.5783775;0.6697779;10.835558
1.1528081;0.40402153;10.479421
1.0073603;0.4189853;10.356119
1.0935516;0.45669398;10.097546
1.6346412;0.6434417;10.202292
1.608305;0.5482722;10.177752
1.4993688;0.4878186;10.061633
1.5628152;0.6476316;10.051457
1.5490485;0.61171854;9.920973
1.7651252;0.6895301;9.892841
1.7770962;0.7044938;9.776723
1.6705543;0.7188591;9.642648
2.0021513;0.7763199;9.882666
2.617461;0.89543146;9.974244
3.0005333;0.9259575;9.901221
3.1693244;0.8074445;10.057443
3.198055;0.5374983;10.490194
3.1250317;0.28670564;10.483611
3.0107086;0.10594343;10.487202
2.7455509;0.13347675;10.111911
2.6072857;0.22804771;9.774328
2.3092074;0.22984336;9.445126
2.098518;0.20410569;9.357738
2.3708582;0.25917232;9.61691
2.349909;0.39803603;9.576208
2.6024973;0.56323594;9.582193
2.5929205;0.50757074;9.941324
2.3511062;0.42676646;9.926959
2.6940753;0.54647654;10.275315
2.4187422;0.46387658;10.23222
2.457648;0.480636;10.336368
2.6060886;0.61112;10.447099
2.1068976;0.5069722;10.195109
1.8896236;0.52073884;10.142437
2.1499932;0.688333;10.453085
1.8267759;0.5482722;10.248979
1.5436616;0.5009867;10.14124
1.3718776;0.53330845;10.012551
1.292869;0.48003745;10.05864
1.1558008;0.49320555;9.887454
1.3359646;0.59735334;9.886257
1.484405;0.7015011;10.031107
1.0468647;0.41958386;10.065224
1.0666169;0.41958386;10.14124
1.0660183;0.41479546;10.1939125
1.0366893;0.39444473;10.223241
1.2635399;0.4961983;10.314819
1.1629834;0.6015432;10.235212
0.86490536;0.46806642;10.02572
0.9175778;0.5710171;10.156802
0.85413146;0.55246204;10.120291
0.6811504;0.5117606;10.031705
0.7290344;0.52133745;10.038888
0.7218518;0.5722142;9.896433
0.6691794;0.54647654;9.943718
0.7092823;0.45549688;10.129269
0.682946;0.3824737;10.198102
0.5907693;0.29867667;10.253767
0.60932434;0.2633622;10.350134
0.61530983;0.24839842;10.347141
0.65780693;0.3681085;10.206482
0.7763199;0.46986207;10.19092
0.7392098;0.5093664;10.163386
0.58538234;0.4345476;10.168773
0.7140707;0.5327099;10.229825
0.61650693;0.44831428;10.2657385
0.5835867;0.4225766;10.293272
0.6332663;0.49081135;10.323199
0.6452374;0.39624038;10.390237
0.694917;0.39624038;10.34355
0.7020996;0.47165772;10.147225
0.5955577;0.4369418;10.203489
0.6560113;0.39683893;10.323798
0.6464345;0.45190558;10.049662
0.65660983;0.5662287;10.064027
0.6452374;0.46686932;10.307038
0.5758055;0.41599256;10.324396
0.3393781;0.44472298;10.013748
0.3842694;0.5410896;10.029909
0.38307226;0.4758476;10.175357
0.40222588;0.33997664;10.497976
0.30945057;0.24301147;10.475829
0.40222588;0.42676646;10.196306
0.5105635;0.623091;9.882068
0.60214174;0.7152678;9.868899
0.533907;0.5746084;10.032902
0.374094;0.32680854;10.253767
0.32022446;0.27234045;10.281899
0.41240123;0.39264908;10.189124
0.32561144;0.40102878;10.123882
0.26396075;0.36511576;10.147225
0.3561375;0.3878607;10.332177
0.36990416;0.43634325;10.332177
0.42317516;0.3890578;10.425551
0.45848963;0.42796355;10.4488945
0.32142156;0.4357447;10.268132
0.3878607;0.5686229;10.170568
0.34835634;0.48243165;10.225037
0.28550854;0.46986207;10.283695
0.28909984;0.4225766;10.214263
0.25797522;0.43394905;10.127473
0.28909984;0.4165911;10.1699705
0.31423897;0.36032736;10.2417965
0.30286652;0.3854665;10.18254
0.28072014;0.38187516;10.142437
0.2705448;0.3764882;10.138845
0.39624038;0.54527944;10.047267
0.29867667;0.50038815;10.032902
0.2777274;0.42796355;10.195109
0.30107087;0.44532153;10.203489
0.27234045;0.37469256;10.411186
0.2088941;0.4429273;10.286688
0.18495208;0.53211135;10.170568
0.24001873;0.4770447;10.356119
0.22266077;0.45130703;10.371083
0.15682021;0.40222588;10.366295
0.1436521;0.41180268;10.245388
0.22146365;0.5315128;10.139444
0.20171149;0.45968673;10.225636
0.18435353;0.41718966;10.250774
0.2172738;0.4973954;10.120291
0.34955344;0.4782418;10.31901
0.2100912;0.34356794;10.304645
0.24420857;0.41359833;10.295666
0.30406362;0.44472298;10.135254
0.3561375;0.4249708;10.2495775
0.3298013;0.43754035;10.147824
0.36032736;0.47165772;10.114903
0.2885013;0.47644615;10.119692
0.18974048;0.35075054;10.119094
0.31364042;0.38307226;10.225636
0.3728969;0.40102878;10.198102
0.3633201;0.43155485;10.134057
0.42078096;0.45070848;10.173561
0.47405192;0.44651863;10.335769
0.24600422;0.40701428;10.167576
0.18076223;0.53450555;10.243592
0.12928689;0.46627077;10.365696
0.0712275;0.42796355;10.42615
0.142455;0.45729253;10.387244
0.14784196;0.5117606;10.345944
0.17357962;0.5422867;10.355521
0.11731588;0.54887074;10.171167
0.19153613;0.545878;10.214862
0.13826515;0.4890157;10.217256
0.10354923;0.50757074;10.121488
0.20111294;0.50996494;10.172364
0.25019407;0.52492875;10.168175
0.23942018;0.4961983;10.181941
0.2813187;0.4902128;10.169372
0.3824737;0.53929394;10.213664
0.32022446;0.5793968;10.0987425
0.28431144;0.5614403;10.138845
0.37349546;0.5674258;10.174759
0.40282443;0.5895722;10.234015
0.3238158;0.57879823;10.234015
0.35314476;0.55605334;10.2974615
0.34476504;0.5662287;10.241198
0.40222588;0.60453594;10.150817
0.47764325;0.57400984;10.340557
0.3854665;0.5255273;10.294469
0.4866215;0.57999533;10.280104
0.56203884;0.62009823;10.267534
0.49919105;0.52492875;10.281899
0.62368953;0.61770403;10.245388
0.6159084;0.635062;10.348338
0.61890113;0.7314286;10.33936
0.6572084;0.943914;10.163386
0.61411273;0.9648633;10.181343
0.4429273;0.94810385;10.073005
0.32920274;0.90500826;10.092158
0.42197806;0.97144735;10.220847
0.44532153;0.93613285;10.304046
0.30645782;0.8655039;10.295067
0.22804771;0.90740246;10.113707
0.31423897;1.0809821;10.056845
0.46327803;1.0043676;10.290877
0.47644615;0.83737206;10.46326
0.3752911;1.1252748;10.173561
0.15083471;1.5478514;9.634268
0.1945289;1.678934;9.96766
0.11851298;1.429937;10.487202
-0.094570965;0.93014735;11.223419
-0.29209262;0.85473;11.102511
-0.27234045;1.4012065;10.150817
-0.29149407;1.9596541;9.39365
-0.3585317;2.1098902;9.029133
-0.31663316;2.1703439;8.963891
-0.22685061;2.235586;9.002797
-0.16519992;2.1799207;9.396045
-0.20051439;2.0667946;9.702502
-0.19931729;2.0099323;9.803658
-0.16579847;1.9434932;10.029311
-0.14903906;2.0242975;10.117896
-0.24600422;2.1152773;9.857527
-0.24241292;2.2870612;9.616311
-0.092775315;2.4372973;9.521142
-0.035913024;2.510919;9.473856
-0.035913024;2.4504654;9.572019
0.0664391;2.5013423;9.574412
0.142455;2.5049336;9.717466
0.19991584;2.4827871;9.725247
0.21068975;2.6563668;9.594764
0.10594343;2.77069;9.561244
0.11252748;2.7072437;9.902418
0.13946225;2.6431987;10.267534
0.26755205;2.4636335;10.624868
0.5057751;2.1619642;11.63582
0.4794389;1.9883845;11.783064
0.44711718;2.1098902;11.490373
0.5386954;1.95307;11.355699
0.52373165;1.30484;11.900978
0.5386954;0.7326257;12.252926
0.81522566;0.83737206;11.587936
1.2473791;1.1378443;10.753557
1.4119805;0.9115923;10.674548
1.6095021;0.19692309;11.485584
1.6956934;-0.23822308;11.743559
1.7818847;0.22685061;10.8152075
1.6184803;0.65541273;9.855731
1.3892355;0.75237787;9.458294
1.0055647;0.7206547;9.272144
0.664391;0.7104794;9.3343935
0.51954174;0.6560113;9.428367
0.3357868;0.6943185;9.3661175
0.11312603;0.9959879;8.968081
-0.1592144;1.3156139;8.338406
-0.018555064;1.6765398;8.033744
0.08140286;1.7256209;8.237849
0.025139118;1.6364368;8.43178
-0.11671733;1.6017209;8.513183
-0.020949265;1.6304513;8.884284
0.2765303;1.7112557;9.304466
0.4938041;1.8471266;9.461287
0.60932434;2.0254946;9.8198185
0.4866215;2.2667105;9.816826
0.36152446;2.5091233;9.518148
0.55964464;2.7263973;9.961076
0.5907693;2.5127146;10.848726
0.6619968;1.9297266;12.141596
0.5710171;1.9375077;12.534245
0.019153614;2.520496;11.368268
0.06344634;2.5851393;11.424532
-0.049081136;1.7513585;12.3989725
-0.6739678;0.99778354;12.372037
-0.7882909;0.7703344;11.971008
-0.6075287;0.7284359;11.514913
-0.7038953;0.93493575;10.479421
-0.7086837;0.9487024;9.986216
-0.47225627;0.82360536;9.838972
-0.0796072;0.48362875;10.492589
0.10115502;0.12449849;10.821193
0.39384618;0.27234045;10.056845
0.7032967;0.35793316;9.8276
0.55844754;0.47884035;9.390059
0.14963761;0.7194576;8.268974
-0.19692309;0.9600749;7.6321163
-0.0023942017;0.96665895;7.714118
0.27593175;1.3365631;7.6961613
0.3184288;1.3210008;8.178593
0.19871874;1.4802152;8.479664
0.06464344;1.7591397;8.429385
0.08020575;2.2026656;8.321048
0.2100912;2.3756466;8.889072
0.22026655;2.3014264;9.665991
0.09935937;2.2870612;10.010158
0.25797522;2.5127146;10.148422
0.59136784;2.48578;10.827179
0.7308301;2.309806;11.865664
0.7422025;2.405574;12.193669
0.7811083;2.2056582;11.741764
0.5327099;1.2294226;12.680291
0.31543607;0.2705448;13.416508
0.61112;0.08439561;13.063962
0.99419224;0.40521863;12.291233
1.1815386;0.23403321;12.051214
1.8255788;0.05805939;12.245743
2.1930888;0.36032736;11.353305
1.608305;0.74998367;10.001778
0.9576807;0.81402856;8.962694
0.32920274;0.8415619;8.219295
0.28191724;0.89423436;8.180987
0.51475334;1.0935516;8.106169
0.59495914;1.3826514;7.9912467
0.39444473;1.484405;7.867347
0.36511576;1.5652094;8.122928
0.43514615;1.7016789;8.01459
0.6757634;1.8375498;8.520366
0.80205756;1.8369513;8.817844
0.56323594;1.7962499;9.035119
0.35553896;1.8662802;9.050082
0.12090719;2.268506;8.928576
0.032920275;2.741361;8.669404
0.17717093;2.7748797;9.370307
0.35553896;2.3666685;10.541072
0.45549688;1.8860323;11.513118
0.5189432;1.75076;11.963227
0.15023616;2.367267;11.431116
-0.29807812;2.6138697;11.197681
-0.7182605;1.4149733;12.793417
-0.93254155;-0.14425065;13.898939
-1.103727;-0.3250129;12.053609
0.0700304;0.20829555;12.918514
0.39923313;0.6512229;11.177929
0.092176765;1.021127;10.047866
-0.31902736;0.8206126;9.595362
-0.6183026;0.55964464;9.482835
-0.5494693;-0.09995792;10.227431
-0.52612585;-0.38726214;10.6398325
-0.12689269;-0.40940848;10.065823
-0.0047884034;0.12389994;9.476849
-0.32142156;0.34955344;9.068638
-0.5835867;0.25797522;8.767567
-0.7422025;0.54887074;8.350976
-0.39983168;0.7835025;8.399458
-0.55006784;0.6332663;8.788516
-0.5931635;0.87567925;8.7292595
-0.7380127;1.2126632;8.500014
-1.2677298;1.8315643;8.294712
-0.9008184;1.9740193;9.122507
0.10354923;2.212841;10.477625
0.3842694;2.5725696;10.543466
-0.013766659;2.2511482;10.284293
-0.02873042;2.6252422;10.323798
-0.0664391;2.468422;11.465832
-0.30885202;1.9554642;12.298415
-0.7433996;2.0913353;11.79683
-0.46986207;2.168548;11.629835
-0.17537527;1.6160861;11.95365
-0.2124854;0.86729956;12.196662
-0.24720132;0.06823475;12.258911
-0.56084174;-0.47105917;11.869853
-0.6452374;-0.30825347;10.842142
-0.2220622;0.08619126;10.09994
0.521936;0.24720132;9.961675
0.8798691;-0.017357962;10.069414
0.51714754;-0.22924481;10.003573
0.15083471;-0.09756372;9.494805
-0.18914193;0.14544775;8.892664
-0.32321724;0.3226187;8.478467
-0.089782566;0.6302736;8.3072815
0.23044191;1.0307038;8.1343
0.24001873;1.2443863;7.9463553
0.24181437;1.283292;8.13849
0.2741361;1.1474211;8.543709
0.21068975;0.89902276;9.135675
0.17836803;0.736217;9.654618
0.40102878;0.83617496;9.990405
0.5141548;1.1384429;9.827001
0.4973954;1.5346833;9.65821
0.43634325;1.6519991;9.7007065
0.4297592;1.5023615;9.966463
0.29209262;1.3030443;10.414778
0.02932897;1.2886791;10.92175
0.08379706;1.3000516;11.399393
0.4866215;1.2563573;11.8022175
0.5446809;1.532289;11.946468
0.78410107;1.3628993;12.221203
1.0121487;0.40462008;13.642161
0.7152678;-0.83856916;14.310742
-0.1921347;-1.0881647;13.0519905
-1.0959458;-0.5919664;10.779893
-0.79367787;-0.23343466;9.995792
-0.49679685;-0.7086837;10.493786
-0.6099229;-1.644218;10.566211
-0.79008657;-1.6424223;9.958682
-0.8571242;-1.2282255;9.069236
-0.61171854;-0.85772276;8.889072
-0.8086416;-0.8583213;8.866327
-0.31364042;-1.1366472;9.299079
0.13227965;-0.98820674;9.75697
-0.23942018;-0.6721721;9.328408
-0.022744916;-0.22565351;8.82802
0.024540568;0.15322891;8.859743
-0.4141969;0.049081136;8.944737
-0.38965634;-0.11372458;9.01417
0.11432313;0.25198972;9.545084
0.15861586;0.59735334;9.536105
-0.12449849;0.7727286;9.324219
-0.18974048;0.7380127;9.587581
0.14903906;0.6572084;10.386047
0.45489833;0.7433996;10.617087
0.581791;1.1294646;10.195708
0.57281274;1.5759833;9.995792
0.5883751;1.6525977;10.214263
0.5470751;1.7322049;10.503363
0.3238158;1.7818847;10.960655
0.026934769;1.6603789;10.969035
0.005985504;1.0235212;11.730989
-0.17417817;-0.24540567;13.273455
-0.5231331;-1.6011224;13.324331
-0.11671733;-1.1976994;12.512098
0.3477578;-0.30226797;11.735778
0.7505822;-0.049081136;10.9103775
0.76195467;-0.46806642;10.205285
0.8762778;-0.60693014;9.730635
1.3605051;-0.32022446;9.582193
1.4209588;-0.29807812;9.3978405
1.3150153;-0.40821138;9.127894
1.3072342;-0.4141969;9.284116
1.0630256;-0.6194997;9.378687
1.2174516;-0.6422446;9.578603
1.3946224;-0.57879823;10.001778
0.96546185;-0.7224504;9.780912
0.741604;-0.6787562;9.628283
0.9127894;-0.5674258;9.821614
0.86011696;-0.5662287;10.117298
0.87687635;-0.57400984;10.171167
0.9504981;-0.36511576;10.125677
0.8343793;-0.25677812;10.204686
0.6943185;-0.14604631;10.093356
0.60333884;-0.031124622;10.126875
0.5943606;-0.008978256;10.350733
0.60573304;-0.046088383;10.825981
0.504578;-0.22625206;11.077373
0.55605334;-0.05746084;10.751761
0.729633;0.52971715;10.30225
0.74758947;0.7026982;10.114903
0.79607207;0.6697779;10.08737
1.0402806;0.6745663;10.01734
0.7332243;0.50397944;10.103531
0.50158525;0.27952304;10.044873
0.22445641;0.3184288;9.713875
0.062249243;0.724246;9.506777
0.374094;1.258153;9.697116
0.32022446;1.3108255;9.754577
0.06404489;1.1264719;9.77792
-0.093972415;1.0468647;10.139444
-0.19033903;0.7793127;10.272323
-0.45010993;0.6452374;10.463859
-0.46267948;0.48123455;10.679337
-0.4794389;0.22026655;10.79366
-0.682946;0.039504327;10.757148
-0.8182184;-0.046088383;10.608707
-0.8355764;0.20649989;10.178948
-0.7200562;0.5602432;9.935937
-0.55006784;0.7218518;10.010756
-0.7392098;0.47046062;10.1460285
-0.86011696;0.3537433;10.197504
-0.6452374;0.44352585;10.254965
-0.5979519;0.45310268;10.300454
-0.63087213;0.3669114;10.340557
-0.7068881;0.39324763;10.041881
-0.6835446;0.5374983;9.941922
-0.6398504;0.56982;10.005967
-0.66139823;0.58777654;9.886856
-0.7146692;0.61650693;9.923966
-0.7158663;0.44771573;10.250774
-0.7026982;0.38726214;10.353725
-0.7110779;0.516549;10.070012
-0.63206923;0.60573304;10.092158
-0.7104794;0.5189432;10.111911
-0.7236475;0.49799395;10.172963
-0.7068881;0.516549;10.172364
-0.79846627;0.62249243;9.930551
-0.7870938;0.6254852;10.075399
-0.7104794;0.6631939;10.084377
-0.6548142;0.74639237;10.21127
-0.83378077;0.48841715;10.3692875
-0.7679402;0.48482585;10.475829
-0.6901286;0.6781576;10.26514
-0.6739678;0.6931214;10.128072
-0.65421563;0.65062433;10.177153
-0.49440265;0.5859809;10.377667
-0.557849;0.27712885;10.532093
-0.7152678;0.14784196;10.429143
-0.6362591;0.39564183;10.257957
-0.60693014;0.28790274;10.256162
-0.6961141;0.16340427;10.226832
-0.54168814;0.25917232;10.144233
-0.29388827;0.49919105;10.064027
-0.33758244;0.635062;9.937733
-0.40043023;0.5129577;10.050261
-0.46866497;0.29747957;10.0748005
-0.29269117;0.3465607;10.262746
-0.35075054;0.38965634;10.2406
-0.320823;0.50637364;10.133459
-0.32920274;0.5201403;10.152014
-0.19093758;0.44472298;10.478823
-0.350152;0.41000703;10.398617
-0.45370123;0.42676646;10.067019
-0.22325931;0.65421563;10.184934
-0.31004912;0.93373865;10.59973
-0.26994625;0.92895025;10.539276
-0.62129533;0.5614403;10.129269
-0.4237737;0.44592008;9.989208
-0.88765025;0.8559271;9.881469
-0.7260417;1.620276;10.143036
-0.60573304;1.1174936;10.207081
-0.724246;0.8595184;10.211869
-0.5770026;0.90141696;10.272921
-0.2669535;1.074398;10.108918
-0.52133745;1.4490906;9.999383
-0.38367084;1.4383167;9.804854
-0.53570265;1.4574703;9.828198
-0.5327099;1.3790601;10.017939
-0.30286652;1.335366;10.152014
-0.2633622;1.4305356;10.080787
-0.24720132;1.7274165;10.030508
-0.3298013;1.6142905;10.192716
-0.7134721;1.283292;9.96347
-0.9331401;1.2210429;9.871892
-0.5823896;1.2318168;10.477625
-0.6715736;1.0378864;10.484209
-0.6943185;1.067814;10.080188
-0.717662;1.0989386;10.113108
-0.8571242;0.8463503;10.147225
-0.80445176;0.97862995;10.055049
-0.5722142;1.1450269;10.158598
-0.5327099;1.0893618;10.254965
-0.5141548;1.2024878;9.916783
-0.54288524;1.0785879;10.049662
-0.45370123;1.1270704;10.110115
-0.42796355;1.09834;10.040085
-0.50158525;1.0073603;10.070611
-0.44831428;0.95588505;10.155605
-0.43275195;0.9504981;10.323798
-0.59974754;0.7104794;10.317812
-0.5243302;0.86849666;10.263943
-0.34835634;1.0384849;10.257957
-0.34835634;1.0887632;10.151415
-0.30765492;1.2096704;9.983223
-0.3585317;1.2425907;10.049063
-0.39803603;1.2401965;10.113108
-0.45489833;1.2605472;10.094553
-0.46806642;1.0181342;10.531495
-0.56982;0.7613561;10.678739
-0.5177461;1.0995371;10.224439
-0.80205756;1.1252748;9.673772
-0.56443304;1.2976574;10.0269165
-0.6739678;1.2431892;9.880272
-0.8391677;1.0881647;9.870695
-0.65301853;1.1659763;9.896433
-0.6278794;1.4562732;9.7719345
-0.5446809;1.5652094;9.947908
-0.6183026;1.5801731;9.903017
-0.6877344;1.4371196;10.007763
-0.2777274;1.0696096;10.513538
-0.10235212;0.99898064;10.432734
-0.1436521;1.0271125;10.05864
-0.020949265;1.1270704;10.142437
-0.26396075;0.94331545;10.281899
-0.045489833;1.0324994;10.547057
0.016759412;0.9864111;10.518925
-0.23582886;0.842759;10.239402
0.008379706;1.4921862;9.828198
-0.3537433;1.4089876;9.714474
-0.61112;1.0839748;10.099341
-0.5291186;0.9947908;10.220847
-0.22625206;1.0546459;9.822212
-0.18674773;1.073201;10.007165
-0.33399114;0.91578215;10.048465
-0.29448682;0.48482585;10.5680065
-0.18854338;0.6548142;10.499173
0.05566519;0.8834604;10.532093
-0.25857377;0.78290397;10.204686
-0.10295067;0.59495914;10.305243
0.130484;0.51834464;10.414778
0.08379706;0.6063316;10.722432
-0.10295067;1.0031705;10.053253
-0.38486794;0.93134445;9.932944
-0.29688102;0.39624038;10.277709
-0.1316811;0.2112883;10.384252
-0.18495208;0.38965634;10.40939
-0.39444473;0.76195467;9.788693
-0.5057751;0.64463884;9.96766
-0.49559975;0.46686932;10.080787
-0.46686932;0.6314707;10.0903635
-0.3878607;0.7781156;9.870695
-0.35314476;0.6787562;9.953295
-0.2741361;0.6847417;10.114903
-0.30645782;0.6925228;10.190321
-0.2908955;0.47345337;10.475231
-0.16819267;0.58657944;10.306439
-0.11192893;0.8038532;10.327988
0.02873042;0.94211835;10.187328
-0.05865794;0.6715736;10.421362
0.06703765;0.53929394;10.960655
-0.18195933;0.5638345;10.113707
-1.1210849;0.7553706;9.551069
-1.0223241;0.50517654;9.785701
-1.062427;0.60214174;10.26095
-0.42676646;0.66259533;10.313024
-0.4866215;0.79846627;10.223241
-0.30466217;0.45968673;9.99639
-0.3405752;0.2765303;10.626664
-0.40282443;0.56323594;10.42196
-0.1340753;0.78649527;10.070611
-0.31423897;0.7164649;10.128671
-0.3286042;0.6703765;10.324396
-0.41299978;0.6362591;9.987412
-0.415394;0.7541735;9.911396
-0.4225766;0.60693014;10.277709
-0.2813187;0.82899237;9.977237
-0.30705637;0.973243;10.016742
-0.28072014;0.79248077;10.244789
-0.35194764;0.6907272;10.275315
-0.29987377;0.9187749;10.241198
-0.27832595;0.7649474;10.3692875
-0.32680854;0.81283146;10.220847
-0.29328972;0.88405895;10.139444
-0.29747957;0.75237787;10.315418
-0.33877954;0.75836337;10.212467
-0.3250129;0.78769237;10.216059
-0.29448682;0.79008657;10.1939125
-0.3573346;0.6835446;10.143036
-0.3537433;0.7565677;9.999383
-0.32800564;0.8738836;10.067618
-0.3465607;0.78170687;10.184336
-0.4189853;0.7314286;10.043077
-0.36032736;0.8499416;9.990405
-0.35673606;0.84575176;10.120291
-0.26994625;0.75716627;10.191518
