-1.569525957107544;-0.04198169708251953;1.8678240776062012
-1.651569128036499;-0.013270378112792969;2.0851869583129883
-1.5746701955795288;-0.26546192169189453;2.1416563987731934
-1.42127525806427;-0.2292041778564453;2.219870090484619
-1.514939308166504;-0.2924375534057617;1.696859359741211
-1.0291708707809448;-0.33028411865234375;1.1522960662841797
-0.609332799911499;-0.48100948333740234;1.0506401062011719
-0.46982574462890625;-0.4924278259277344;1.426600694656372
-0.672275722026825;-0.4779520034790039;1.642657995223999
-0.6117842793464661;-0.5691938400268555;1.8004343509674072
-0.7065896391868591;-0.7011203765869141;1.5217716693878174
-0.5821176171302795;-0.8792352676391602;1.2652900218963623
-0.49047112464904785;-0.9835958480834961;1.3572957515716553
-0.7673267722129822;-0.8569173812866211;1.827843189239502
-0.9254392981529236;-0.7151765823364258;2.0387516021728516
-1.5443482398986816;-0.8431739807128906;2.1601672172546387
-1.8369885683059692;-0.5864944458007813;2.071080446243286
-1.347061276435852;-0.4221830368041992;1.0680723190307617
-1.6016840934753418;-0.6861686706542969;1.1784427165985107
-1.9537627696990967;-0.2368946075439453;1.982602834701538
-2.1111080646514893;-0.1673107147216797;3.079866409301758
-1.865926742553711;-0.2595243453979492;2.5624403953552246
-1.8470547199249268;-0.3972463607788086;2.4680404663085938
-1.888624906539917;-0.3549327850341797;2.492938756942749
-2.0021233558654785;-0.2347402572631836;2.0974504947662354
-2.0381741523742676;-0.1594676971435547;1.2706446647644043
-2.132439136505127;-0.38249778747558594;1.080484390258789
-1.4002115726470947;-0.03472137451171875;1.5401387214660645
-1.5553522109985352;-0.6457605361938477;1.9709956645965576
-1.509071707725525;-1.0060644149780273;1.5132067203521729
-1.5808308124542236;-1.1929435729980469;0.9855670928955078
-0.6835607290267944;-0.5946140289306641;0.8481922149658203
-0.6389650702476501;-0.9685115814208984;1.045626163482666
-0.78580641746521;-1.1639213562011719;0.7042980194091797
-1.1452398300170898;-1.6712141036987305;2.4753031730651855
-1.840491533279419;-1.758598804473877;1.4588522911071777
-1.3492461442947388;-1.320765495300293;1.3117094039916992
-0.8832107186317444;-1.153151512145996;1.7539827823638916
-0.7707679271697998;-0.9900884628295898;1.6858892440795898
-0.6138550043106079;-0.9317502975463867;2.4015510082244873
0.6168764233589172;-0.5421056747436523;2.0412871837615967
0.7797538042068481;-0.7490301132202148;1.8679108619689941
1.4905102252960205;-0.8668966293334961;2.3647043704986572
1.330336570739746;-0.9465107917785645;3.06723690032959
0.6664490699768066;-0.9204244613647461;2.663301944732666
0.05638560652732849;-0.9392352104187012;3.055976390838623
0.25920888781547546;-0.9243559837341309;3.05360746383667
0.38365837931632996;-0.9113545417785645;1.9363980293273926
0.06876331567764282;-0.6738443374633789;1.8127355575561523
0.007148087024688721;-0.7128510475158691;1.5516109466552734
0.20509293675422668;-0.8535408973693848;1.4221510887145996
0.6033110618591309;-0.9920144081115723;1.2925539016723633
0.9294704794883728;-0.9827313423156738;1.3719663619995117
0.8397986888885498;-1.0221171379089355;1.1626501083374023
0.9769059419631958;-0.9547581672668457;1.5755486488342285
0.933784544467926;-0.7889914512634277;1.1565852165222168
0.8037450909614563;-1.0902972221374512;1.1572527885437012
1.0371496677398682;-1.1796526908874512;0.9433526992797852
1.2906123399734497;-1.4392399787902832;0.6368651390075684
1.878540277481079;-1.5782394409179688;0.3664555549621582
0.895168125629425;-0.3823118209838867;1.3205413818359375
0.6367834210395813;-0.8548493385314941;1.094503402709961
0.7864654064178467;-0.7613334655761719;1.1609463691711426
1.0699448585510254;-0.6783599853515625;0.8249006271362305
1.1013524532318115;-0.8706555366516113;0.7749438285827637
0.13818243145942688;-1.2966656684875488;1.600304126739502
0.08388663828372955;-1.4770784378051758;2.5473484992980957
-0.02422112226486206;-0.9101362228393555;0.9880433082580566
0.03138269484043121;-0.3877577781677246;0.5397453308105469
0.015164539217948914;-0.06694650650024414;0.7820229530334473
-0.04842720925807953;-0.41364002227783203;1.1462230682373047
-0.21240107715129852;-0.6029362678527832;1.7189807891845703
-0.3756465017795563;-0.40405797958374023;1.6638736724853516
-0.5428887605667114;0.13403797149658203;0.9565973281860352
-0.4348069727420807;0.06491279602050781;0.35625791549682617
-0.3283720016479492;-0.37932443618774414;0.9198694229125977
-0.26777270436286926;-0.39470767974853516;1.2301959991455078
-0.3437438905239105;-0.3690915107727051;0.43643617630004883
-0.911003589630127;-1.0953917503356934;-0.0033712387084960938
-0.5599973797798157;-0.822667121887207;0.5689525604248047
-0.10078999400138855;-0.666048526763916;0.7037029266357422
0.16500818729400635;-0.5960774421691895;0.2931838035583496
0.06723901629447937;-0.48851442337036133;0.6332693099975586
0.048601895570755005;-0.5865840911865234;1.093820571899414
-0.07035034894943237;-0.7069768905639648;1.0383286476135254
0.01857265830039978;-0.9122648239135742;1.2352476119995117
0.7989169955253601;-0.4491848945617676;1.8224639892578125
1.6474580764770508;0.35982847213745117;1.329115390777588
1.6657896041870117;-0.19453954696655273;0.7184619903564453
1.0515486001968384;-1.009538173675537;1.169497013092041
0.7217292785644531;-1.398813247680664;1.7110366821289063
0.6734873056411743;-0.8295717239379883;1.2742486000061035
0.8337792158126831;-0.6752262115478516;0.6961932182312012
0.9932761192321777;-0.20219039916992188;0.4680795669555664
0.22845172882080078;-0.532926082611084;1.0017704963684082
0.7068137526512146;-0.44264650344848633;1.1993074417114258
0.5966328382492065;-0.26636695861816406;1.2909293174743652
0.5281224846839905;-0.2624082565307617;1.0169153213500977
0.3268502354621887;-0.289492130279541;1.3822269439697266
0.4007454216480255;-0.33194828033447266;0.8186650276184082
0.44027870893478394;-0.7661352157592773;1.05275297164917
0.5632721185684204;-0.5654892921447754;0.745795726776123
0.7737708687782288;-0.2684478759765625;0.32889652252197266
1.0792546272277832;-0.3721461296081543;0.5580401420593262
0.6734083890914917;-0.7322921752929688;0.8016986846923828
0.33430737257003784;-0.5635561943054199;0.5993943214416504
0.021076612174510956;-0.45256662368774414;0.5523018836975098
0.12212861329317093;-0.08728170394897461;0.13643884658813477
0.19589856266975403;-0.04815340042114258;-0.38160228729248047
0.19885647296905518;-0.12837886810302734;-0.09757280349731445
0.3299754858016968;-0.5405893325805664;0.29561901092529297
0.22532588243484497;-0.9461503028869629;0.9604387283325195
0.4328977167606354;-0.8037924766540527;0.5560879707336426
0.21605676412582397;-0.20736122131347656;-0.3454165458679199
-0.059819601476192474;0.30928516387939453;-0.5817227363586426
-0.5299620032310486;-0.3453207015991211;0.24993562698364258
-0.6998687386512756;-0.7840437889099121;1.2253775596618652
0.22270917892456055;0.19026708602905273;1.9196858406066895
-0.3966968059539795;0.41391849517822266;0.17949199676513672
-0.2944852113723755;0.5385236740112305;0.0402064323425293
-0.5874783396720886;0.40676212310791016;0.27467918395996094
-0.7502017617225647;0.013393402099609375;0.5544672012329102
-0.5808179378509521;0.1896066665649414;0.5114321708679199
-0.4266263246536255;0.11959362030029297;0.4121270179748535
-0.4009757339954376;0.04910707473754883;-0.007499217987060547
-0.18080851435661316;0.17415571212768555;-0.07235288619995117
-0.1919371485710144;-0.004577159881591797;0.08719825744628906
-0.13694143295288086;-0.07054662704467773;0.14046239852905273
-0.18404939770698547;-0.1622176170349121;0.1273059844970703
-0.30485984683036804;-0.30417537689208984;0.27118921279907227
-0.2666115462779999;-0.15396595001220703;0.525291919708252
-0.08870428800582886;-0.49172163009643555;0.8942112922668457
0.1452619433403015;-0.5690646171569824;1.2480077743530273
0.5266929864883423;-0.3560314178466797;1.5784330368041992
0.4111633896827698;-0.14194869995117188;1.068319320678711
0.48654961585998535;-0.33535099029541016;0.7369494438171387
0.3719933032989502;-0.7139620780944824;1.0403203964233398
-0.1426594853401184;-0.9196038246154785;1.213578701019287
-0.11423224210739136;-0.4929995536804199;1.3691706657409668
-0.15204349160194397;-0.3047642707824707;0.8346066474914551
0.09397274255752563;-0.2502861022949219;0.9638781547546387
0.4566347599029541;-0.3015327453613281;1.188514232635498
0.8546469807624817;-0.31314992904663086;1.4354209899902344
0.8603030443191528;-0.26379966735839844;1.280531406402588
0.39415818452835083;-0.2876596450805664;0.6155123710632324
-5.645155906677246E-4;-0.30924129486083984;0.3060793876647949
-0.09825986623764038;-0.47292518615722656;0.45779895782470703
-0.045236170291900635;-0.4306626319885254;0.41570138931274414
-0.16210931539535522;-0.331052303314209;0.35687828063964844
-0.19221824407577515;-0.4224233627319336;0.4051051139831543
-0.07329010963439941;-0.3062567710876465;0.5964608192443848
-0.044586181640625;-0.2451763153076172;0.8762316703796387
-0.10814183950424194;-0.26192378997802734;0.8679442405700684
-0.20704025030136108;-0.2388615608215332;0.733893871307373
-0.13988596200942993;-0.23465967178344727;0.6645636558532715
-0.22264057397842407;-0.2289104461669922;0.5977859497070313
-0.15496867895126343;-0.1722097396850586;0.4510645866394043
-0.11852061748504639;-0.2783546447753906;0.5975732803344727
-0.13512921333312988;-0.04328107833862305;0.4661092758178711
-0.3857870101928711;-0.03681659698486328;0.10851764678955078
-0.1859796643257141;-0.1911935806274414;0.4449491500854492
0.1265416145324707;-0.4282212257385254;1.28562593460083
-0.20730853080749512;-0.42354631423950195;1.2275567054748535
-0.6380895376205444;-0.16884851455688477;0.2517275810241699
-0.8835393190383911;0.027671337127685547;-0.21481990814208984
-0.8399243354797363;-0.053566932678222656;0.2171168327331543
-0.9112752079963684;-0.27083730697631836;0.6193275451660156
-0.8830445408821106;-0.23399925231933594;0.7507834434509277
-0.9701287150382996;-0.1290297508239746;0.5729508399963379
-0.887885570526123;0.026456832885742188;0.4063296318054199
-0.6291002035140991;0.17482709884643555;0.3988218307495117
-0.4268301725387573;0.07802057266235352;0.5019283294677734
-0.5710203051567078;-0.1229696273803711;0.6099681854248047
-0.7790133953094482;-0.1120600700378418;0.2664451599121094
-0.7265502214431763;-0.06876087188720703;0.005026340484619141
-0.5650105476379395;-0.28595399856567383;0.3145637512207031
-0.8325448036193848;-0.5223803520202637;0.26177263259887695
-1.0523995161056519;-0.614079475402832;0.2116527557373047
-0.9419702291488647;-0.48816490173339844;0.3186626434326172
-0.5798053741455078;-0.4285268783569336;0.9747953414916992
-0.012901782989501953;-0.4094223976135254;1.4864239692687988
0.7019215822219849;-0.37424373626708984;1.9105234146118164
1.123459815979004;-0.22819900512695313;1.7437987327575684
0.9294224977493286;-0.09090232849121094;0.9061179161071777
0.4506359100341797;-0.31254053115844727;0.4603996276855469
0.10986673831939697;-0.8743085861206055;0.9974393844604492
-0.41580379009246826;-1.2692632675170898;1.4817867279052734
-0.7375333309173584;-1.1666145324707031;1.1910433769226074
-0.5706260204315186;-0.8480758666992188;0.7565422058105469
-0.16342532634735107;-0.7163829803466797;1.053706169128418
0.1940615177154541;-0.9006781578063965;1.5273551940917969
0.4545861482620239;-0.8316464424133301;1.63917875289917
0.4900869131088257;-0.7205877304077148;1.4992585182189941
0.27814269065856934;-0.5973663330078125;1.3210206031799316
-0.09270131587982178;-0.40102577209472656;0.8918280601501465
-0.3200157880783081;-0.26120424270629883;0.6190729141235352
-0.18910479545593262;-0.20989370346069336;0.9314498901367188
-0.05865323543548584;-0.24253559112548828;1.0064549446105957
-0.18562078475952148;-0.2928657531738281;0.9069623947143555
-0.09315258264541626;-0.38039398193359375;0.8370890617370605
-0.029475092887878418;-0.5503830909729004;0.8706235885620117
0.06327396631240845;-0.6872634887695313;0.9755711555480957
-0.08369159698486328;-0.7427005767822266;0.9059085845947266
0.015890836715698242;-0.6451177597045898;0.8748641014099121
-0.008977711200714111;-0.5972127914428711;0.6638646125793457
0.07321250438690186;-0.5392842292785645;0.8538718223571777
0.13837885856628418;-0.4985342025756836;1.090996265411377
-0.06997954845428467;-0.2704734802246094;0.8363471031188965
-0.2610711455345154;-0.07308530807495117;0.4127473831176758
-0.14563220739364624;-0.21303224563598633;0.5834417343139648
-0.2858595848083496;-0.7009577751159668;1.31577730178833
-0.6865116357803345;-0.9503931999206543;1.4878053665161133
-1.0361557006835938;-0.7263846397399902;0.967801570892334
-0.9672468304634094;-0.32940196990966797;0.6082353591918945
-0.8653591275215149;-0.24141359329223633;0.5520963668823242
-0.7635828256607056;-0.15922117233276367;0.6276297569274902
-0.6216832399368286;0.0753335952758789;0.6197967529296875
-0.6828051805496216;0.2848238945007324;0.5712952613830566
-0.7972464561462402;0.2799191474914551;0.48514270782470703
-0.6781925559043884;0.021377086639404297;0.9200611114501953
-0.8461288809776306;-0.19576215744018555;1.1927733421325684
-0.9910470843315125;-0.15060949325561523;0.7379207611083984
-0.9057629704475403;0.06551218032836914;0.2428126335144043
-0.9062587022781372;-0.07464885711669922;0.45966339111328125
-0.876395046710968;-0.3724837303161621;0.9721426963806152
-0.7967370748519897;-0.48778867721557617;0.7724447250366211
-0.5151853561401367;-0.6010012626647949;0.8445324897766113
-0.4438982307910919;-0.5398454666137695;0.8995776176452637
-0.6753488779067993;-0.3583035469055176;0.5589151382446289
-0.5064629316329956;-0.3036632537841797;0.5278587341308594
-0.02797335386276245;-0.3862113952636719;1.0889387130737305
0.06298619508743286;-0.5209503173828125;1.501157283782959
-0.2854834198951721;-0.3743429183959961;1.033203125
-0.335776686668396;-0.06309318542480469;0.3582944869995117
-0.1510602831840515;-0.17983484268188477;0.41846370697021484
-0.12111431360244751;-0.6766781806945801;1.1289710998535156
-0.3570362627506256;-1.0700535774230957;1.6279997825622559
-0.595910370349884;-1.1005215644836426;1.1634325981140137
-0.5224804282188416;-0.7402176856994629;0.44854116439819336
-0.17291384935379028;-0.5537281036376953;0.22102880477905273
0.20704448223114014;-0.5904541015625;0.40267467498779297
0.6646771430969238;-0.7572550773620605;0.9675054550170898
0.7707872986793518;-1.0110845565795898;1.809819221496582
0.6551602482795715;-1.16094970703125;2.3442788124084473
0.34923112392425537;-1.0676884651184082;1.9411115646362305
0.10371667146682739;-0.6830239295959473;0.9360685348510742
0.3852686285972595;-0.4056062698364258;0.45626401901245117
0.8112834095954895;-0.19839143753051758;0.5004448890686035
0.9960141777992249;-0.1307663917541504;0.6982874870300293
0.9186283349990845;-0.09019851684570313;0.6989898681640625
0.6558781266212463;-0.13124847412109375;0.7938413619995117
0.41744136810302734;-0.1460585594177246;0.8394770622253418
0.24553197622299194;-0.34184932708740234;0.9575309753417969
0.14394700527191162;-0.5634784698486328;0.9919791221618652
0.1125749945640564;-0.5907316207885742;0.8394460678100586
0.059438228607177734;-0.3654823303222656;0.281982421875
0.14987647533416748;-0.3367276191711426;0.18306207656860352
0.10869193077087402;-0.4423489570617676;0.5548667907714844
0.03887969255447388;-0.44763612747192383;0.6099920272827148
0.2912589907646179;-0.724372386932373;1.0140976905822754
0.29681944847106934;-0.991215705871582;1.6256084442138672
-0.025417804718017578;-0.8187079429626465;0.9462556838989258
-0.29831117391586304;-0.23780155181884766;-0.4218411445617676
-0.4160560965538025;-0.14370441436767578;-0.5669612884521484
-0.4567479193210602;-0.3681826591491699;0.049489498138427734
-0.5826297998428345;-0.5695505142211914;0.8496832847595215
-0.7848531603813171;-0.6389899253845215;1.0621795654296875
-0.9289798140525818;-0.45974206924438477;0.861412525177002
-0.916495144367218;-0.2488555908203125;0.6588039398193359
-0.6838098168373108;0.1193246841430664;0.48218250274658203
-0.2929707169532776;0.5162172317504883;0.27208900451660156
-0.1080436110496521;0.4697079658508301;0.5019569396972656
-0.05755507946014404;0.24500322341918945;0.9747986793518066
-0.20399636030197144;0.04350757598876953;0.9793009757995605
-0.4890630543231964;-0.04947948455810547;0.5721721649169922
-0.6599968075752258;-0.13460540771484375;0.41323184967041016
-0.8270806074142456;-0.35658979415893555;0.339749813079834
-0.7594435811042786;-0.4914116859436035;0.34441518783569336
-0.6707873940467834;-0.6073102951049805;0.6295204162597656
-0.5848223567008972;-0.4929928779602051;0.9708452224731445
-0.31885144114494324;-0.46233654022216797;1.1592836380004883
0.09555882215499878;-0.5629472732543945;1.3071608543395996
0.4979361295700073;-0.7155294418334961;1.4829840660095215
0.5057598948478699;-0.6663570404052734;0.8367600440979004
0.6281412243843079;-0.9410848617553711;0.5522356033325195
0.7474480271339417;-1.2995381355285645;1.2145848274230957
0.2749179005622864;-1.3598003387451172;1.017103672027588
-0.21293872594833374;-0.9176058769226074;0.25450897216796875
-0.32899904251098633;-0.6575336456298828;0.1702103614807129
0.05460017919540405;-0.5721602439880371;0.9647750854492188
0.7062205076217651;-0.49370813369750977;1.7581777572631836
1.2452101707458496;-0.3802480697631836;2.214665412902832
1.401138186454773;-0.38520240783691406;2.3087801933288574
0.9655661582946777;-0.3855271339416504;2.044731616973877
0.5103638768196106;-0.3091559410095215;1.246823787689209
0.7675058245658875;-0.30910348892211914;0.9979944229125977
1.1558233499526978;-0.17366886138916016;0.9016208648681641
1.148996353149414;-0.14379596710205078;0.755251407623291
0.9668000936508179;-0.3267178535461426;0.8025951385498047
0.5906378626823425;-0.4466724395751953;0.7078466415405273
0.2387896180152893;-0.5011019706726074;0.5166220664978027
0.14699000120162964;-0.3129692077636719;0.16481447219848633
0.19756954908370972;-0.09170055389404297;0.08735895156860352
0.29482054710388184;-0.032790184020996094;0.04939889907836914
0.2081003189086914;-0.17941761016845703;0.3832063674926758
-0.14844298362731934;-0.5176181793212891;0.8954501152038574
-0.5520390272140503;-0.692044734954834;0.988032341003418
-0.5284999012947083;-0.7196621894836426;1.0400362014770508
-0.07975387573242188;-0.6429462432861328;1.4662671089172363
-0.14068275690078735;-0.36600303649902344;1.475390911102295
-1.0654298067092896;-0.34354114532470703;0.6482839584350586
-1.4470934867858887;-0.21056842803955078;0.32263994216918945
-0.9050170183181763;-0.329622745513916;0.807807445526123
-0.4758347272872925;-0.26636219024658203;1.061619758605957
-0.6159981489181519;-0.10151958465576172;0.7017097473144531
-0.5124029517173767;0.21566438674926758;0.3191194534301758
-0.27652114629745483;0.16613197326660156;0.29274702072143555
-0.1472529172897339;-0.34653759002685547;0.9746279716491699
-0.41913729906082153;-0.5815391540527344;1.2656793594360352
-0.6373907923698425;-0.6075997352600098;0.5496349334716797
-0.598814845085144;0.07634115219116211;0.16966962814331055
-0.5576592683792114;-0.41526079177856445;0.18408679962158203
-0.6828474998474121;-0.7325735092163086;0.6839742660522461
-0.5626049041748047;-0.7623600959777832;0.9416966438293457
-0.5639791488647461;-0.7580418586730957;1.083117961883545
-0.45503348112106323;-0.754796028137207;1.3824162483215332
-0.023250102996826172;-0.5514445304870605;1.4600911140441895
0.26068294048309326;-0.47244787216186523;1.4829926490783691
0.48627781867980957;-0.29650163650512695;1.1601262092590332
1.0637346506118774;-0.48933982849121094;1.1508827209472656
1.287180781364441;-1.321986198425293;1.9486117362976074
0.1129986047744751;-1.8498725891113281;2.101893901824951
-0.8583041429519653;-1.5009303092956543;0.887235164642334
-0.7994447350502014;-0.9324569702148438;0.16440057754516602
-0.3134150505065918;-0.9667010307312012;0.6244359016418457
0.31835341453552246;-1.0785179138183594;1.477522850036621
0.7462751865386963;-1.0253252983093262;2.3385982513427734
0.6105259656906128;-0.9827537536621094;2.702765941619873
0.0063016414642333984;-0.7740893363952637;1.8222589492797852
-0.23922425508499146;-0.43787240982055664;1.0542898178100586
-0.12519240379333496;-0.2294902801513672;0.7769651412963867
0.09699076414108276;-0.09264802932739258;0.7603788375854492
0.329154372215271;-0.026369571685791016;0.7505497932434082
0.41864562034606934;-0.18621826171875;0.7809910774230957
0.2599716782569885;-0.4086122512817383;0.7075190544128418
0.20184695720672607;-0.5183110237121582;0.6449799537658691
0.2852547764778137;-0.5037837028503418;0.49709606170654297
0.4149594306945801;-0.44283580780029297;0.5395450592041016
0.18020844459533691;-0.6284480094909668;0.7616329193115234
0.016633450984954834;-0.6513752937316895;1.018322467803955
-0.09841525554656982;-0.6736311912536621;1.1488685607910156
0.13432997465133667;-0.7599587440490723;1.31510591506958
0.6294820308685303;-0.9414653778076172;1.7667737007141113
0.3606099486351013;-1.0460782051086426;1.855586051940918
-0.397180438041687;-0.8095817565917969;0.5367355346679688
-0.7372286915779114;-0.6256318092346191;-0.5351777076721191
-0.6736044883728027;-0.650235652923584;0.23478937149047852
-0.36642390489578247;-0.784177303314209;1.6786298751831055
-0.3888481855392456;-0.3756732940673828;1.740746021270752
-0.49414926767349243;0.09127044677734375;1.0543456077575684
-0.3151015043258667;0.002010345458984375;1.0620765686035156
-0.38456541299819946;-0.2697148323059082;1.4457287788391113
-0.629551112651825;-0.28553152084350586;1.1606359481811523
-0.6815913915634155;-0.23760128021240234;0.7082185745239258
-0.5894538760185242;-0.48410797119140625;0.6743903160095215
-0.6181780695915222;-0.778529167175293;0.8355603218078613
-0.6733867526054382;-1.139564037322998;0.9666800498962402
-0.7389192581176758;-1.2507390975952148;0.9706206321716309
-0.7230263948440552;-1.0963501930236816;0.9899578094482422
-0.6987707614898682;-1.0225825309753418;1.3793563842773438
-0.375296950340271;-0.6126351356506348;1.4150609970092773
0.21934211254119873;-0.22562456130981445;1.0871129035949707
0.998560905456543;-0.9982051849365234;2.225533962249756
0.8894203901290894;-1.9619817733764648;3.4041566848754883
-0.5236976742744446;-1.6420230865478516;1.3722167015075684
-1.2202341556549072;-0.9053792953491211;-0.6911969184875488
-0.9936138987541199;-0.7269549369812012;-0.6550321578979492
-0.22651571035385132;-1.074854850769043;1.2516627311706543
0.14040738344192505;-1.071378231048584;2.4909095764160156
0.2925955653190613;-0.8557982444763184;2.893937110900879
0.2603481411933899;-0.4686112403869629;2.572869300842285
-0.06225186586380005;-0.2770562171936035;1.8012309074401855
-0.17284166812896729;-0.14760351181030273;1.1399860382080078
0.10852640867233276;0.029193401336669922;0.6882286071777344
0.481284499168396;0.08458948135375977;0.5432806015014648
0.6993719935417175;-0.017984390258789063;0.5714230537414551
0.7818436026573181;-0.28350830078125;0.7096614837646484
0.5658092498779297;-0.5294818878173828;0.8216662406921387
0.2727557420730591;-0.5942192077636719;0.6803812980651855
0.20125555992126465;-0.7069869041442871;0.8125743865966797
0.0681348443031311;-0.771611213684082;0.8848228454589844
-0.15107205510139465;-0.727501392364502;0.8748559951782227
-0.2716308534145355;-0.5596318244934082;0.6913213729858398
0.1057388186454773;-0.5054616928100586;0.5427837371826172
0.5152694582939148;-0.7187685966491699;1.2704849243164063
0.14159631729125977;-0.7710800170898438;1.3835277557373047
-0.6107742786407471;-0.6436214447021484;0.3442811965942383
-0.8930407166481018;-0.4106407165527344;0.06649446487426758
-0.7630163431167603;-0.41513538360595703;0.5828957557678223
-0.627135694026947;0.0327916145324707;0.5078158378601074
-0.38282909989356995;0.10091304779052734;0.6421990394592285
-0.10373950004577637;-0.05388307571411133;1.159726619720459
-0.024015367031097412;-0.05507230758666992;1.497971534729004
-0.2495841383934021;0.11380624771118164;0.8661446571350098
-0.5123318433761597;0.06348562240600586;0.30934667587280273
-0.6600279808044434;-0.40567827224731445;0.6331167221069336
-0.8280085921287537;-0.7826676368713379;0.7037162780761719
-0.8478873372077942;-0.8275723457336426;0.542729377746582
-0.6574200987815857;-0.7286596298217773;0.3986344337463379
-0.2795550227165222;-0.7974920272827148;0.9832653999328613
-0.15044718980789185;-0.9291596412658691;1.39631986618042
0.19518643617630005;-0.7626833915710449;1.3665642738342285
0.26171624660491943;-0.47228145599365234;1.1270666122436523
0.07574272155761719;-0.30644893646240234;0.6498317718505859
0.5357745289802551;-0.6549363136291504;1.0335192680358887
0.9714937806129456;-1.5555601119995117;2.7634549140930176
-0.016209781169891357;-1.7677702903747559;2.422250270843506
-0.8108007907867432;-0.9737615585327148;0.3176403045654297
-0.8879016637802124;-0.342440128326416;-0.6613502502441406
-0.39522719383239746;-0.6974878311157227;0.4606456756591797
0.059307605028152466;-1.1977219581604004;1.899038314819336
0.4098505675792694;-1.2162351608276367;2.614506244659424
0.4642029404640198;-0.8897814750671387;2.618560791015625
0.22491946816444397;-0.546257495880127;1.8226556777954102
0.13743454217910767;-0.3100004196166992;1.2267036437988281
0.15637582540512085;-0.20309162139892578;0.870079517364502
0.24590209126472473;0.1475539207458496;0.5511870384216309
0.2289579212665558;0.39164113998413086;0.3118891716003418
0.06437748670578003;0.23574066162109375;0.3486819267272949
-0.2599789798259735;-0.20420408248901367;0.8136172294616699
-0.13274025917053223;-0.4939589500427246;0.9615311622619629
-0.11751184612512589;-0.5919604301452637;0.8868041038513184
0.07363732159137726;-0.5215106010437012;0.40734434127807617
0.41813161969184875;-0.5346155166625977;0.7036495208740234
0.2925938665866852;-0.7363667488098145;1.384122371673584
-0.13613778352737427;-0.7543792724609375;1.0363430976867676
-0.5095149278640747;-0.7474498748779297;0.3646416664123535
-0.33948856592178345;-0.28894996643066406;0.5195484161376953
-0.5683447122573853;-0.5540251731872559;0.7181305885314941
-0.8458046913146973;-0.39670658111572266;0.508265495300293
-0.6870745420455933;-0.08782625198364258;0.2883267402648926
-0.3861795961856842;-0.07068824768066406;0.3737339973449707
-0.11067309975624084;-0.17466115951538086;0.8772621154785156
0.11703532934188843;-0.10975837707519531;1.2406654357910156
0.04944497346878052;-0.015060901641845703;0.9318132400512695
-0.2590361535549164;0.027521610260009766;0.4151601791381836
-0.30111443996429443;-0.30359745025634766;0.6792764663696289
-0.5133601427078247;-0.6921072006225586;0.9810538291931152
-0.8204863667488098;-0.9989595413208008;0.8814773559570313
-0.8096075654029846;-0.8693780899047852;0.9210977554321289
-0.8935770988464355;-0.6870098114013672;0.7198386192321777
-0.8416694402694702;-0.628781795501709;0.6722030639648438
-0.5933789014816284;-0.7367644309997559;1.0886754989624023
-0.3888224959373474;-0.5086474418640137;1.0844759941101074
0.0017766356468200684;-0.16344451904296875;0.045282840728759766
0.8538029789924622;-0.747225284576416;0.7089815139770508
0.6442790627479553;-1.6756205558776855;2.0664010047912598
-0.6277589797973633;-1.65480375289917;1.060056209564209
-0.8904165029525757;-0.7508640289306641;-0.25971174240112305
-0.4714014530181885;-0.14591503143310547;-0.2180185317993164
0.02161678671836853;-0.1197514533996582;0.7721762657165527
0.19210895895957947;-0.30133962631225586;1.6414885520935059
0.291812926530838;-0.15935134887695313;1.9224605560302734
0.41344401240348816;-0.00802469253540039;1.7852907180786133
0.5479616522789001;-0.04296112060546875;1.740175724029541
0.4911605715751648;-0.28049468994140625;1.663090705871582
-0.013092249631881714;-0.3215165138244629;1.0799193382263184
-0.27502909302711487;-0.2829771041870117;0.46711015701293945
-0.17971624433994293;-0.3251662254333496;0.30211734771728516
0.1618950068950653;-0.5264573097229004;0.7338905334472656
0.3687891662120819;-0.6637711524963379;0.9958000183105469
0.255361407995224;-0.6348247528076172;0.7588286399841309
0.2198527455329895;-0.5317244529724121;0.7853302955627441
0.0924532413482666;-0.5892810821533203;1.1314401626586914
-0.06892460584640503;-0.5642681121826172;0.9481468200683594
0.025531649589538574;-0.44124746322631836;0.48062801361083984
0.1597166657447815;-0.3450326919555664;0.815403938293457
-0.2758166193962097;-0.7115411758422852;1.2419157028198242
-0.6596623659133911;-0.9323105812072754;1.1896734237670898
-0.8210844993591309;-0.7358031272888184;0.8449411392211914
-1.007592797279358;-0.38269853591918945;0.1602926254272461
-0.9980113506317139;-0.10164594650268555;0.04566669464111328
-0.7415930032730103;0.0989227294921875;0.4584479331970215
-0.48450344800949097;-0.0010228157043457031;1.0461578369140625
-0.14040648937225342;-0.16220855712890625;1.7060728073120117
-0.02693963050842285;-0.26355934143066406;1.8771576881408691
-0.10571789741516113;-0.2096257209777832;1.2605648040771484
-0.4469270706176758;-0.21239709854125977;0.5210099220275879
-0.8026138544082642;-0.5127091407775879;0.5069971084594727
-0.9588876366615295;-0.8373603820800781;0.8009557723999023
-0.6243571639060974;-1.0489444732666016;1.3295178413391113
-0.39190155267715454;-1.111344337463379;1.4749484062194824
-0.4684944748878479;-0.9591288566589355;1.280611515045166
-0.5688777565956116;-0.5092425346374512;0.7367949485778809
-0.37340426445007324;-0.0813436508178711;-0.008069038391113281
0.29050302505493164;-0.4465656280517578;0.9128913879394531
0.41786909103393555;-0.9954543113708496;2.0315709114074707
-0.19379091262817383;-0.9907407760620117;1.2745790481567383
-0.6155037879943848;-0.5278158187866211;-0.11282873153686523
-0.3863958716392517;-0.47337818145751953;-0.2622246742248535
0.10793685913085938;-0.9616708755493164;0.9663128852844238
0.37297964096069336;-1.252821445465088;2.1723461151123047
0.43151581287384033;-1.0802655220031738;2.5117788314819336
0.37668025493621826;-0.6419377326965332;2.2339062690734863
0.4554835557937622;-0.35054492950439453;1.9548535346984863
0.5025382041931152;-0.2586045265197754;1.758878231048584
0.3755223751068115;-0.1305522918701172;1.2058119773864746
0.2785074710845947;-0.003837108612060547;0.9025578498840332
0.21787965297698975;0.015407085418701172;0.8071746826171875
0.1547456979751587;-0.026756763458251953;0.6958227157592773
0.0532679557800293;-0.19946813583374023;0.7121357917785645
0.17277610301971436;-0.40103864669799805;1.0336732864379883
0.2057870626449585;-0.5560150146484375;1.3420629501342773
-0.17831337451934814;-0.6625547409057617;1.1865625381469727
-0.37066054344177246;-0.7742729187011719;1.2862772941589355
-0.395694375038147;-0.9364748001098633;1.8114395141601563
-0.36350131034851074;-1.0326075553894043;1.8003697395324707
-0.20480239391326904;-0.9967479705810547;1.4803380966186523
-0.1840803623199463;-0.823723316192627;1.354372501373291
-0.409465491771698;-0.9237804412841797;1.3921537399291992
-0.38362109661102295;-1.0866484642028809;1.6011643409729004
-0.4181479811668396;-0.974799633026123;0.952883243560791
-0.43351835012435913;-0.4730644226074219;0.04284191131591797
-0.285416841506958;-0.06725502014160156;-0.751767635345459
-0.01606583595275879;-0.04005241394042969;-0.6683268547058105
0.5445756912231445;-0.3861832618713379;1.0056829452514648
0.829919695854187;-0.7660770416259766;2.3180251121520996
0.7591371536254883;-0.5508456230163574;1.7695913314819336
0.3471602201461792;-0.45227670669555664;0.7605948448181152
0.24484777450561523;-0.7786955833435059;0.8122248649597168
-0.015350103378295898;-1.2734651565551758;1.2500734329223633
-0.46358728408813477;-1.6284356117248535;1.398843765258789
-0.5973062515258789;-1.5964961051940918;1.3755178451538086
-0.22420072555541992;-1.4680023193359375;1.7688941955566406
0.20390605926513672;-1.502213478088379;2.4707560539245605
0.29366815090179443;-1.427381992340088;2.860441207885742
0.30787599086761475;-1.2740812301635742;2.298389434814453
1.1784701347351074;-1.5238237380981445;2.8791513442993164
1.3363227844238281;-2.3037991523742676;4.207923889160156
0.28577494621276855;-2.2966346740722656;2.911167621612549
-0.4289052486419678;-1.8027863502502441;1.1792140007019043
-0.0634307861328125;-1.6156277656555176;1.507124900817871
0.22506964206695557;-1.9534339904785156;2.729640007019043
0.02749454975128174;-2.0335636138916016;3.175771713256836
0.1787511110305786;-1.541231632232666;2.488457202911377
0.6745883226394653;-0.858177661895752;1.84190034866333
0.9499269723892212;-0.6958208084106445;1.807438850402832
0.5808393955230713;-0.8899335861206055;1.8493266105651855
0.16809499263763428;-1.1445274353027344;1.9664101600646973
-0.0011873245239257813;-1.3301424980163574;2.0770158767700195
-0.07481551170349121;-1.2967190742492676;2.0064964294433594
0.27794134616851807;-1.255539894104004;2.3449602127075195
0.40239226818084717;-1.1804451942443848;2.6791019439697266
0.21107542514801025;-1.1712942123413086;2.7664756774902344
0.003246903419494629;-1.313127040863037;2.7282638549804688
-0.36673760414123535;-1.6246976852416992;2.6905813217163086
-0.5335253477096558;-1.459609031677246;1.7522072792053223
-0.31977319717407227;-0.9906206130981445;0.7900114059448242
-0.5131714344024658;-1.059880256652832;1.0735697746276855
-0.9840391278266907;-1.3909072875976563;1.7981634140014648
-1.2630115747451782;-1.153660774230957;1.3597369194030762
-0.6632975339889526;-0.7004804611206055;0.9089593887329102
0.08949995040893555;-0.5092024803161621;1.331897258758545
0.12383568286895752;-1.0805602073669434;2.7322630882263184
-0.33315515518188477;-1.498009204864502;3.358100414276123
-0.5427240133285522;-1.244913101196289;2.2720394134521484
-0.2640751600265503;-1.0359516143798828;1.4486708641052246
7.433891296386719E-4;-1.4789395332336426;1.948378562927246
-0.08815169334411621;-1.9399218559265137;2.3839263916015625
-0.31081295013427734;-2.2815513610839844;2.2670440673828125
-0.45181405544281006;-2.4680991172790527;2.2716550827026367
-0.3438131809234619;-2.527554988861084;2.447114944458008
0.5928100347518921;-2.2526602745056152;3.1566104888916016
1.4710114002227783;-2.3547110557556152;3.9981842041015625
2.0551178455352783;-2.6024951934814453;4.643861770629883
1.784266710281372;-2.6251111030578613;4.714993000030518
0.6539366245269775;-2.096895217895508;2.3748221397399902
0.15202784538269043;-1.8965916633605957;1.269639015197754
-0.32330334186553955;-1.9964895248413086;1.6696109771728516
-0.3479776382446289;-2.0751476287841797;2.3787264823913574
-0.04905807971954346;-1.9329257011413574;3.4100899696350098
0.03563225269317627;-1.962730884552002;4.23056697845459
0.7506746053695679;-2.021824836730957;5.679868698120117
1.187648057937622;-2.0023036003112793;5.710164546966553
1.1694822311401367;-1.405128002166748;4.132099151611328
0.5643186569213867;-1.193932056427002;2.2940382957458496
0.12606024742126465;-1.224759578704834;1.3669819831848145
-0.21689164638519287;-1.4981632232666016;1.0518312454223633
-0.25601673126220703;-1.6716876029968262;1.1071982383728027
-0.13400638103485107;-1.8953680992126465;1.8139119148254395
-0.07543563842773438;-2.171895980834961;2.5572805404663086
-0.09322202205657959;-2.398131847381592;3.227231979370117
0.043059587478637695;-2.372981071472168;3.679838180541992
0.16662120819091797;-2.0433149337768555;3.680842399597168
0.35861635208129883;-1.7801990509033203;2.944462776184082
0.7456703186035156;-2.0124354362487793;3.29703426361084
0.34357619285583496;-2.145747661590576;3.6846742630004883
-1.1234347820281982;-1.8478431701660156;2.0733275413513184
-1.8831079006195068;-1.205390453338623;0.3631887435913086
-1.9933149814605713;-0.6147418022155762;-0.38362646102905273
-1.4388322830200195;-0.07959508895874023;-0.2569746971130371
-0.6029605865478516;-0.5589070320129395;2.2439522743225098
-0.6485204696655273;-1.2087469100952148;4.524496555328369
-0.8801000118255615;-1.645045280456543;5.290898323059082
-1.224619746208191;-1.5153002738952637;4.325020790100098
-1.0756500959396362;-1.48099946975708;3.610462188720703
-0.9382933378219604;-1.6894264221191406;3.2241716384887695
-1.0134543180465698;-1.638120174407959;2.677521228790283
-0.8747929334640503;-1.244527816772461;2.0664219856262207
-0.4274871349334717;-1.424272060394287;2.3411922454833984
0.2898416519165039;-2.0391368865966797;3.8474063873291016
0.6817004680633545;-2.3070216178894043;4.546194076538086
0.805492639541626;-1.7690205574035645;3.148890972137451
0.7223227024078369;-2.2926106452941895;2.7053518295288086
-0.4840129613876343;-3.191828727722168;5.441289901733398
-1.74757719039917;-3.4192183017730713;4.844043731689453
-1.6468936204910278;-1.779944896697998;1.4429078102111816
-0.8187220096588135;-0.706000804901123;-0.47205400466918945
-0.245591402053833;-1.181816577911377;1.1761164665222168
-0.15675806999206543;-2.028043746948242;3.298874855041504
-0.215437650680542;-2.055723190307617;3.975069046020508
-0.04536914825439453;-1.319037914276123;2.901364326477051
-0.11327338218688965;-0.7958488464355469;1.7493324279785156
-0.5645740032196045;-0.8509063720703125;1.3059453964233398
-1.055937647819519;-1.1035752296447754;1.048295021057129
-1.157240629196167;-1.209181785583496;1.1911888122558594
-0.9036757946014404;-1.2534360885620117;1.534909725189209
-0.2759542465209961;-1.058812141418457;1.4594950675964355
-0.14424550533294678;-1.0397872924804688;1.580535888671875
-0.39568328857421875;-0.9367098808288574;1.2372550964355469
0.18203651905059814;-1.0755972862243652;0.9179434776306152
0.1672302484512329;-1.9175920486450195;3.3594436645507813
-0.7545894384384155;-2.2860794067382813;4.982874870300293
-1.0748580694198608;-1.394176959991455;2.927365303039551
-1.1322698593139648;0.05230998992919922;0.10788536071777344
-0.921626627445221;0.41082048416137695;-0.3530268669128418
-0.5231075286865234;-0.15814971923828125;1.102400302886963
-0.6350210905075073;-0.6445140838623047;2.1830291748046875
-0.9802044034004211;-0.730560302734375;2.3687872886657715
-0.893180251121521;-0.5002350807189941;2.043966770172119
-0.6490018367767334;-0.3462662696838379;1.5301580429077148
-0.6289911270141602;-0.6359763145446777;1.6199312210083008
-0.680774450302124;-0.8433713912963867;1.7505483627319336
-0.6803456544876099;-0.8331890106201172;1.3609895706176758
-0.746310830116272;-0.8890581130981445;0.9923868179321289
-0.619257926940918;-1.1697783470153809;1.1184020042419434
-0.2626858949661255;-1.4025468826293945;1.8976478576660156
-0.1467500925064087;-1.4580373764038086;1.6817116737365723
-0.11278796195983887;-1.271054744720459;1.0127143859863281
0.22989404201507568;-1.2017006874084473;1.2208518981933594
0.4212909936904907;-0.970491886138916;1.5599184036254883
0.6864734888076782;-1.031752109527588;1.581352710723877
0.702238917350769;-1.307939052581787;2.5460205078125
-0.02177608013153076;-1.4007949829101563;2.636669635772705
-0.7122688293457031;-1.119774341583252;1.1868128776550293
-0.4825843572616577;-0.7865781784057617;0.6743550300598145
0.13325393199920654;-0.9744596481323242;1.611015796661377
0.17418861389160156;-1.215907096862793;2.0803980827331543
0.044435739517211914;-0.8877263069152832;1.7031426429748535
-0.0621337890625;-0.5613889694213867;1.0941452980041504
0.03673231601715088;-0.4117898941040039;1.144826889038086
0.05069839954376221;-0.3300294876098633;1.2249741554260254
0.030550599098205566;-0.3107151985168457;1.0794048309326172
0.012012124061584473;-0.3237004280090332;0.7853655815124512
0.12239396572113037;-0.39479541778564453;0.8698129653930664
0.2673830986022949;-0.4609413146972656;0.6790728569030762
0.4778214693069458;-0.5647468566894531;0.7343864440917969
0.48560965061187744;-0.6077961921691895;0.8677749633789063
0.14796090126037598;-0.4072880744934082;0.4673008918762207
-0.014421939849853516;-0.42279624938964844;0.28890371322631836
0.06930363178253174;-0.3332195281982422;0.9479999542236328
0.12024807929992676;-0.3674759864807129;1.5921072959899902
-0.10440921783447266;-0.3897242546081543;1.8187575340270996
-0.14715123176574707;-0.3106689453125;0.8074183464050293
0.3157435655593872;-0.3259735107421875;1.1139864921569824
-0.2246992588043213;-0.8773055076599121;1.9175009727478027
-1.1648364067077637;-0.789365291595459;1.0282645225524902
-1.3303180932998657;-0.12406015396118164;-0.051305294036865234
-1.3833824396133423;0.10901212692260742;-0.42138671875
-1.2264763116836548;-0.08884143829345703;-0.40991878509521484
-0.7140922546386719;-0.21561622619628906;0.7412481307983398
-0.4403674602508545;-0.23734140396118164;1.742568016052246
-0.4557403326034546;-0.08240842819213867;1.7192773818969727
-0.42813748121261597;0.1353168487548828;1.1393728256225586
-0.4969090223312378;-0.15034151077270508;0.9173836708068848
-0.6175111532211304;-0.4844846725463867;1.0225152969360352
-0.6835764646530151;-0.5874114036560059;0.6597180366516113
-0.7474266290664673;-0.6000862121582031;0.38460254669189453
-0.8436299562454224;-0.6601123809814453;0.3694496154785156
-0.7338452935218811;-0.6897778511047363;0.5311551094055176
-0.3292677402496338;-0.8237495422363281;1.1592488288879395
-0.045029282569885254;-0.9723401069641113;1.657055377960205
-0.09151279926300049;-0.893071174621582;1.615194320678711
0.10057413578033447;-0.6802730560302734;1.233835220336914
0.3655778169631958;-0.6409249305725098;1.303112506866455
0.47908055782318115;-0.48541784286499023;1.022110939025879
0.2274569272994995;-0.7468852996826172;0.7906746864318848
-0.28770244121551514;-0.9109058380126953;1.0871586799621582
-0.6470614671707153;-0.7849836349487305;1.0413117408752441
-0.22843050956726074;-0.4533243179321289;0.9928083419799805
0.45059776306152344;-0.09170198440551758;1.3240814208984375
0.5599764585494995;0.051342010498046875;1.0201892852783203
0.4257608652114868;0.20311689376831055;0.48854589462280273
0.47263848781585693;0.3598899841308594;0.3802633285522461
0.29446911811828613;0.5170683860778809;0.10407400131225586
-0.15520501136779785;0.4208517074584961;-0.035597801208496094
-0.3368556499481201;0.2695803642272949;0.49680614471435547
-0.5138730406761169;0.03883504867553711;0.8832974433898926
-0.5966437458992004;-0.040470123291015625;0.9544248580932617
-0.3903462290763855;0.002910614013671875;0.8521080017089844
0.12259125709533691;0.08771133422851563;0.6629724502563477
0.579818606376648;0.2830343246459961;0.327056884765625
0.7890397310256958;0.2342386245727539;0.3198685646057129
0.6807811260223389;0.24157142639160156;0.12548446655273438
0.5149608850479126;0.3085489273071289;-0.24646854400634766
0.2523545026779175;0.1878976821899414;-0.03912973403930664
-0.05713498592376709;-0.18692874908447266;0.19043493270874023
0.1409827470779419;-0.33749914169311523;0.6141347885131836
0.19451427459716797;-0.2857036590576172;0.9041404724121094
-0.0911184549331665;-0.22701406478881836;0.7039008140563965
-0.36920469999313354;-0.1956615447998047;0.6100935935974121
-0.6926759481430054;-0.2921786308288574;0.6473422050476074
-1.1993709802627563;-0.26047754287719727;0.11211061477661133
-1.362733244895935;0.11492443084716797;-0.4334383010864258
-1.1868679523468018;0.3404507637023926;-0.5237069129943848
-0.743506133556366;0.4883866310119629;-0.13393735885620117
-0.11576926708221436;0.497861385345459;0.20550060272216797
0.16601061820983887;0.2676677703857422;1.2377548217773438
-0.377318799495697;0.00250244140625;1.2326507568359375
-0.6531963348388672;0.16972017288208008;0.1362004280090332
-0.21560406684875488;0.2762641906738281;0.26303720474243164
-0.20047688484191895;-0.07816553115844727;0.5965285301208496
-0.7049335241317749;-0.36187744140625;0.3312206268310547
-0.5939539074897766;-0.3200998306274414;0.33150720596313477
-0.5139561891555786;-0.22593307495117188;0.2558426856994629
-0.36196982860565186;-0.24694061279296875;0.5838632583618164
0.06437075138092041;-0.30013179779052734;1.2456355094909668
0.2752952575683594;-0.16059350967407227;1.0231208801269531
0.38446784019470215;0.2153630256652832;0.07181930541992188
0.6542696952819824;0.16312408447265625;-0.055057525634765625
0.46637678146362305;-0.2878274917602539;0.7935032844543457
-0.13139045238494873;-0.5525202751159668;0.9647936820983887
-0.5838222503662109;-0.1836996078491211;-0.004697322845458984
-0.5511341094970703;0.03885459899902344;-0.4346323013305664
-0.14638680219650269;-0.12953758239746094;0.03039073944091797
0.3695129156112671;-0.41889333724975586;0.9014806747436523
0.6704001426696777;-0.47343969345092773;1.614821434020996
0.5834252834320068;-0.5550169944763184;2.0079421997070313
0.4460824728012085;-0.5644054412841797;2.2066917419433594
0.09272658824920654;-0.39497947692871094;1.3917236328125
0.10737729072570801;0.150299072265625;0.24258089065551758
0.3139601945877075;0.5443387031555176;-0.25461387634277344
0.5423489809036255;0.7517213821411133;-0.20258331298828125
0.8392353057861328;0.9075870513916016;0.1311044692993164
0.8640724420547485;0.783198356628418;0.4232301712036133
0.6106255054473877;0.599921703338623;0.40369272232055664
0.4597463607788086;0.5351443290710449;0.17754125595092773
0.2583829164505005;0.3882918357849121;-0.16899442672729492
0.23151683807373047;0.14518260955810547;-0.16215896606445313
0.15841245651245117;-0.18910980224609375;0.1457047462463379
-0.02712857723236084;-0.3450183868408203;0.054851531982421875
-0.20698237419128418;-0.09009838104248047;-0.5834846496582031
-0.024355053901672363;0.06887483596801758;-0.9622564315795898
0.40071725845336914;-0.4813423156738281;0.8449759483337402
-0.18029636144638062;-0.6461968421936035;1.1890087127685547
-0.9889476299285889;0.05354022979736328;-0.8513760566711426
-0.8240335583686829;0.5910873413085938;-1.7664828300476074
-0.26011162996292114;0.4003262519836426;-0.7483787536621094
-0.3494800329208374;-0.21497821807861328;0.8415999412536621
-1.3166263103485107;-0.1715383529663086;0.6002378463745117
-1.6636217832565308;0.48052406311035156;-0.35277843475341797
-1.1644082069396973;0.9985508918762207;-0.5053853988647461
-0.2603875398635864;0.9604768753051758;0.5628299713134766
-0.0060863494873046875;0.7185592651367188;1.4634170532226563
0.21493220329284668;0.8323917388916016;1.3806047439575195
0.3475468158721924;1.171724796295166;0.39731931686401367
0.40994155406951904;1.1630139350891113;-0.28160858154296875
0.3694225549697876;0.8975710868835449;-0.4021902084350586
0.12168312072753906;0.42290496826171875;-0.21122980117797852
-0.21532320976257324;-0.0937190055847168;0.0355682373046875
-0.5189864635467529;-0.39540576934814453;0.17742347717285156
-0.6314958333969116;-0.6141467094421387;0.3507242202758789
-0.7061433792114258;-0.5119085311889648;0.41228532791137695
-0.4999532699584961;-0.3095893859863281;0.44901084899902344
0.05797755718231201;-0.25502586364746094;0.6902875900268555
0.2036374807357788;-0.12400436401367188;0.6915116310119629
0.43035924434661865;-0.14880657196044922;0.4082508087158203
0.7596662044525146;-0.7245078086853027;1.647972583770752
-0.11444032192230225;-1.1979598999023438;1.5673322677612305
-0.716820240020752;-0.6601376533508301;0.2675323486328125
-0.943986177444458;-0.4212779998779297;-0.7173938751220703
-0.16233432292938232;-0.18927860260009766;-0.11575508117675781
0.42566144466400146;-0.2681765556335449;1.2284560203552246
0.3269444704055786;-0.27152061462402344;1.5956997871398926
0.32414865493774414;-0.07351541519165039;1.4936914443969727
0.5485957860946655;0.06508064270019531;1.569610595703125
0.5593032836914063;0.0032558441162109375;1.3942217826843262
0.5296406745910645;0.15442276000976563;0.8233723640441895
0.5096937417984009;0.22882366180419922;0.45671749114990234
0.303557813167572;0.2335500717163086;0.15295791625976563
0.12961077690124512;0.24753808975219727;-0.11196184158325195
0.0917046070098877;0.21374130249023438;-0.043575286865234375
0.20090091228485107;0.2475142478942871;0.12228631973266602
0.30024880170822144;0.1930861473083496;0.24363183975219727
0.35191184282302856;0.1576218605041504;0.1956629753112793
0.2014014720916748;0.1754312515258789;-0.02171182632446289
0.030175209045410156;0.24098587036132813;-0.17545795440673828
-0.43647974729537964;0.45611143112182617;-0.4470391273498535
-0.36155205965042114;0.19293928146362305;-0.35538148880004883
0.9345254302024841;-0.5759658813476563;2.1363868713378906
0.7293646931648254;-1.1112031936645508;3.0950207710266113
-0.601986289024353;-0.3416886329650879;-2.0122528076171875E-4
-1.141882061958313;0.550201416015625;-2.5205178260803223
-0.268354594707489;0.7504644393920898;-1.7233796119689941
0.30990827083587646;0.0034685134887695313;0.7014579772949219
-0.2896701693534851;-0.48968982696533203;1.5376873016357422
-0.6809405088424683;-0.2322235107421875;1.133394718170166
-0.7954075932502747;0.14717721939086914;0.1994023323059082
-0.5402015447616577;0.3746981620788574;-0.15117692947387695
-0.2424580454826355;0.4629049301147461;-0.2992548942565918
0.14201557636260986;0.37571144104003906;-0.2036266326904297
0.4865133762359619;0.3039841651916504;-0.21290063858032227
0.5861278772354126;0.1583566665649414;-0.15981769561767578
0.4540935754776001;-0.3804631233215332;0.5356965065002441
-0.007062435150146484;-0.8970150947570801;0.733879566192627
-0.33490991592407227;-0.9721341133117676;0.6472725868225098
-0.32891136407852173;-0.9391412734985352;0.7680912017822266
-0.39679330587387085;-1.0460896492004395;1.0490975379943848
-0.21729564666748047;-0.9162507057189941;1.3385000228881836
-0.03816235065460205;-0.735072135925293;1.5009078979492188
-0.08276653289794922;-0.5064482688903809;1.0021991729736328
0.2975362539291382;-0.0010533332824707031;0.07953405380249023
0.9864716529846191;-0.4716215133666992;0.6439371109008789
1.0758213996887207;-1.408085823059082;1.9919304847717285
0.31070804595947266;-2.0850415229797363;2.628105640411377
-0.6032118797302246;-1.7805919647216797;1.4410367012023926
-1.0411620140075684;-1.1656889915466309;0.49709510803222656
-0.26824748516082764;-0.6837601661682129;1.206925868988037
0.12168514728546143;-0.6033682823181152;1.9895410537719727
0.2749561071395874;-0.39734363555908203;2.178262233734131
0.4442065954208374;-0.011437416076660156;1.9029030799865723
0.5991934537887573;-0.0021448135375976563;1.8871526718139648
0.6085555553436279;-0.09288454055786133;1.685244083404541
0.1545032262802124;-0.19701528549194336;0.9932341575622559
-0.30496203899383545;-0.23806524276733398;0.5193405151367188
-0.2585703134536743;-0.12954330444335938;0.14543628692626953
-0.28772997856140137;-0.35859251022338867;0.2730731964111328
-0.24938929080963135;-0.38336801528930664;0.19488286972045898
-0.14499986171722412;-0.22794055938720703;-0.28057146072387695
-0.40681517124176025;-0.5138087272644043;-0.22830772399902344
-0.46032410860061646;-0.7382817268371582;0.6465349197387695
-0.3519774079322815;-1.031175136566162;1.7408933639526367
-0.40502727031707764;-1.091660976409912;2.264688014984131
-0.5676242113113403;-0.8591642379760742;1.4153695106506348
-0.7955132722854614;-0.6794981956481934;0.952061653137207
-0.9202430248260498;-0.5383167266845703;1.2135295867919922
-0.7990148663520813;-0.18870782852172852;0.9173564910888672
-0.6408991813659668;0.2986149787902832;0.6674890518188477
-0.07841432094573975;0.3774118423461914;0.7951087951660156
0.4678875207901001;0.2892189025878906;1.2807893753051758
0.7335480451583862;-0.016010761260986328;1.997690200805664
0.37243199348449707;-0.12919092178344727;1.619502067565918
-0.2728555202484131;-0.2702789306640625;0.6295700073242188
-0.5945677161216736;-0.41573381423950195;0.46880674362182617
-0.6418166160583496;-0.8808565139770508;0.9142589569091797
-0.7993545532226563;-1.0966086387634277;1.0479755401611328
-0.7235556840896606;-0.9149351119995117;0.9369158744812012
-0.757530152797699;-0.8287787437438965;0.8757376670837402
-0.5540434718132019;-0.809720516204834;0.9238924980163574
-0.42896634340286255;-0.666384220123291;1.1373200416564941
-0.7250780463218689;-0.6385688781738281;1.143082618713379
-0.3286623954772949;-0.5036234855651855;0.9693365097045898
0.3174619674682617;-0.4129972457885742;1.4374022483825684
0.2805142402648926;-1.0101637840270996;2.044361114501953
-0.005528450012207031;-0.9876713752746582;1.6158795356750488
-0.690802812576294;-0.5273218154907227;0.37702035903930664
-0.8682292699813843;-0.04567861557006836;-0.03078174591064453
-0.2682543992996216;-0.09462308883666992;0.9458832740783691
0.3257579803466797;-0.2444443702697754;1.9666333198547363
0.4993746280670166;0.0441288948059082;2.000675678253174
0.6437667608261108;0.17248868942260742;1.438744068145752
1.040847659111023;0.32788753509521484;1.0292134284973145
1.0163670778274536;0.355623722076416;0.5136814117431641
1.0604039430618286;0.28635692596435547;0.22255849838256836
0.9625766277313232;0.2629537582397461;0.20504331588745117
0.6996057033538818;-0.050948143005371094;0.2515239715576172
0.4310271739959717;-0.30240917205810547;0.32173919677734375
0.35732603073120117;-0.4189019203186035;0.2652931213378906
0.28545045852661133;-0.4888439178466797;0.24649381637573242
0.28691601753234863;-0.5940804481506348;0.2719278335571289
0.1379861831665039;-0.5559015274047852;-0.04250621795654297
0.04898631572723389;-0.521967887878418;0.004231929779052734
-0.16727787256240845;-0.6136879920959473;-0.07025623321533203
-0.3582535982131958;-0.4941682815551758;0.04883241653442383
-0.5935894250869751;-0.5319099426269531;0.3980979919433594
-0.6381397843360901;-0.4921541213989258;0.6466178894042969
-0.4859025180339813;-0.3256797790527344;0.7932143211364746
-0.5115747451782227;-0.3736305236816406;0.9333343505859375
-0.7737193703651428;-0.3099861145019531;0.4143252372741699
-1.0562162399291992;0.1302032470703125;-0.6938676834106445
-1.0903815031051636;0.5739593505859375;-0.3704357147216797
-0.7691735029220581;0.16443920135498047;0.9455685615539551
-0.7815931439399719;-0.0619049072265625;1.0386857986450195
-0.9974156022071838;0.18647003173828125;0.10624885559082031
-1.0626482963562012;0.39347267150878906;-0.5454936027526855
-0.5240472555160522;0.3032503128051758;-0.04961061477661133
-0.07077187299728394;0.2604408264160156;0.21984004974365234
0.3890528678894043;0.40047645568847656;-0.2317032814025879
0.6711164712905884;0.41843509674072266;-0.5153017044067383
0.6261550784111023;0.2234039306640625;-0.8666095733642578
0.4584440588951111;-0.02713489532470703;-0.7452051639556885
0.5863779783248901;-0.32047176361083984;0.5325527191162109
0.596457839012146;-0.31733036041259766;0.7505550384521484
0.8001923561096191;-0.21342182159423828;-0.05686044692993164
1.0641894340515137;0.22257137298583984;0.0875253677368164
0.7918184995651245;-0.37952232360839844;2.220031261444092
0.21699762344360352;-1.1384778022766113;2.7248072624206543
-0.7274904251098633;-0.6878108978271484;0.8029875755310059
-0.8537070751190186;4.425048828125E-4;-0.4942455291748047
-0.11153286695480347;0.1669464111328125;0.14555692672729492
0.4523351192474365;0.22566795349121094;1.1049590110778809
0.9165931940078735;0.6345233917236328;1.4324116706848145
1.322208046913147;0.7323598861694336;1.576700210571289
1.5411678552627563;0.653533935546875;1.3414411544799805
1.5120655298233032;0.4137849807739258;0.8486580848693848
1.361265778541565;0.3547506332397461;0.26473236083984375
1.0583539009094238;0.1279735565185547;-0.014918804168701172
0.7198481559753418;-0.12556076049804688;-0.024940967559814453
0.47963476181030273;-0.19803524017333984;-0.1426100730895996
0.2930731773376465;-0.2672090530395508;-0.047486305236816406
0.1729392409324646;-0.30415916442871094;0.04547882080078125
0.07778382301330566;-0.10500431060791016;-0.1475052833557129
0.022916793823242188;-0.04807090759277344;-0.19609642028808594
0.23796027898788452;0.0064487457275390625;-0.02840900421142578
0.42597854137420654;-0.06648063659667969;0.09263181686401367
0.05019611120223999;-0.08600330352783203;-0.17946243286132813
0.03680062294006348;-0.32218170166015625;0.16355419158935547
0.25364094972610474;-0.49683332443237305;1.1775126457214355
-0.2860351800918579;-0.9753932952880859;1.1938714981079102
-0.9307078719139099;-0.8023405075073242;-0.5171432495117188
-1.0728645324707031;-0.15508651733398438;-1.6759588718414307
-0.7440508008003235;-0.1805896759033203;-0.6052465438842773
-0.5731921195983887;-0.33872222900390625;0.1562938690185547
-0.565395712852478;0.10367584228515625;-0.19840240478515625
-0.13855448365211487;0.7108068466186523;-0.36153078079223633
0.4004223942756653;0.988288402557373;0.42981910705566406
0.7637497186660767;0.9778289794921875;0.777461051940918
0.5144556164741516;0.9819421768188477;0.2444305419921875
-0.07892388105392456;0.5598964691162109;0.1461014747619629
-0.38304010033607483;0.012653827667236328;0.3980588912963867
-0.5373454093933105;-0.4269270896911621;0.6935858726501465
-0.8354591727256775;-0.7109079360961914;0.476682186126709
-1.2197833061218262;-0.8980326652526855;0.14574956893920898
-1.0925397872924805;-0.5746736526489258;-0.1036977767944336
-0.7817628383636475;0.05859565734863281;-0.1973094940185547
-0.5874446630477905;0.43787431716918945;-0.28581714630126953
0.23563188314437866;0.5041236877441406;-0.16123676300048828
1.0628634691238403;-0.006180763244628906;0.8214426040649414
0.4688659906387329;-0.7312626838684082;2.018184185028076
-0.3898892402648926;-1.1582107543945313;1.013516902923584
-0.8644267320632935;-0.3584098815917969;-0.6090846061706543
-0.8774639368057251;-0.20823907852172852;-0.9073615074157715
-0.7971237897872925;-0.5993509292602539;0.372495174407959
-0.17551645636558533;-0.6981468200683594;1.2007617950439453
-0.025256752967834473;-0.4934711456298828;1.5513858795166016
0.47366005182266235;-0.02528858184814453;0.9931216239929199
1.0404341220855713;0.6531219482421875;-0.0722513198852539
0.9752193689346313;0.5789632797241211;0.29075050354003906
1.3077397346496582;0.23894643783569336;0.9698352813720703
1.2754122018814087;0.1347942352294922;1.093353271484375
0.9624215364456177;-0.07829666137695313;1.0793838500976563
0.5452161431312561;-0.13617229461669922;0.7907705307006836
0.1329626441001892;-0.01793193817138672;0.37029170989990234
0.0193750262260437;0.2252826690673828;0.15816116333007813
-0.1574118435382843;0.1301259994506836;0.6351985931396484
-0.08521533012390137;-0.16855955123901367;1.1579980850219727
-0.30752724409103394;-0.04242563247680664;0.9978704452514648
-0.6750040650367737;-0.07088994979858398;0.8617258071899414
-0.6834719181060791;-0.02929830551147461;0.6758213043212891
-0.42885056138038635;-0.23911142349243164;1.7785625457763672
-0.6007618308067322;-0.5742411613464355;2.598672866821289
-0.7031031250953674;-0.2098827362060547;1.7043352127075195
-0.3389177620410919;0.4533882141113281;0.5613374710083008
0.10610416531562805;0.362213134765625;0.765594482421875
0.09712782502174377;0.08012819290161133;1.1590909957885742
0.03727802634239197;0.44137144088745117;0.14330577850341797
-0.08926832675933838;0.5194096565246582;-0.7212753295898438
-0.14781419932842255;0.24328851699829102;-0.6805882453918457
-0.16580958664417267;-0.3932509422302246;-9.8419189453125E-4
-0.40173402428627014;-0.9071698188781738;0.32068729400634766
-0.6710828542709351;-0.9358415603637695;0.1297159194946289
-0.6141371130943298;-0.9537973403930664;0.19855308532714844
-0.5466781854629517;-1.0273985862731934;0.5543031692504883
-0.5712507963180542;-1.2017111778259277;0.7040290832519531
-0.3975274860858917;-1.090686321258545;0.9039840698242188
-0.5776480436325073;-0.9728326797485352;0.8435115814208984
-0.566055417060852;-0.9210147857666016;0.9787654876708984
-0.6161243915557861;-0.7761340141296387;1.2562828063964844
-0.20445290207862854;-0.8676877021789551;1.1264324188232422
0.7727764248847961;-1.1063032150268555;2.1108055114746094
0.424430787563324;-1.6711499691009521;2.80460262298584
-0.7268003225326538;-1.6548779010772705;1.6423072814941406
-1.2205607891082764;-0.9420108795166016;0.5920419692993164
-0.6368810534477234;-0.6746101379394531;1.5158500671386719
-0.15419188141822815;-0.8885493278503418;2.533130645751953
-6.108283996582031E-4;-0.6520137786865234;2.3797483444213867
0.18160057067871094;-0.3643927574157715;1.8933534622192383
0.3020513653755188;-0.25010156631469727;1.4205942153930664
0.21608072519302368;-0.3746352195739746;0.9874687194824219
0.059403061866760254;-0.37415122985839844;0.5096654891967773
-0.12409573793411255;-0.3861241340637207;-0.06947851181030273
-0.39128053188323975;-0.5706758499145508;-0.03981304168701172
-0.584419310092926;-0.7964229583740234;0.30691051483154297
-0.6766347885131836;-0.798243522644043;0.33190107345581055
-0.6909715533256531;-0.7607169151306152;0.24896621704101563
-0.7175995707511902;-0.7379236221313477;0.12072515487670898
-0.48315104842185974;-0.6242852210998535;0.11496496200561523
-0.12506768107414246;-0.5218968391418457;0.16090869903564453
0.10690334439277649;-0.5272464752197266;0.5094723701477051
0.09269624948501587;-0.5672931671142578;0.5983691215515137
0.23045113682746887;-0.35107898712158203;0.3897876739501953
0.4484991133213043;-0.11260843276977539;0.35907697677612305
0.6743641495704651;-0.19188785552978516;1.206820011138916
0.7200956344604492;-0.2534823417663574;1.705859661102295
0.5184656381607056;-0.2322831153869629;1.4227876663208008
0.534942090511322;-0.007470607757568359;1.1280779838562012
0.3313804566860199;-0.038468360900878906;0.7881441116333008
0.011480450630187988;0.011649608612060547;0.20360946655273438
-0.4141053557395935;0.13948345184326172;-0.22518539428710938
-0.7368911504745483;-0.11206340789794922;0.015190601348876953
-0.9691652059555054;-0.3203005790710449;0.6601810455322266
-1.2570650577545166;-0.38440895080566406;0.7665247917175293
-1.468186616897583;-0.13117456436157227;0.24619579315185547
-1.2603317499160767;0.283693790435791;5.774497985839844E-4
-0.8482233881950378;0.3879880905151367;0.5676088333129883
-0.6455001831054688;0.3778705596923828;0.6066579818725586
-0.4552420973777771;0.391049861907959;0.2190227508544922
-0.2325439155101776;0.1968245506286621;0.23404932022094727
-0.1806560605764389;-0.13475656509399414;0.6320309638977051
-0.27123022079467773;-0.27788496017456055;0.24167346954345703
-0.22211971879005432;-0.20243120193481445;0.10576963424682617
-0.18668435513973236;-0.38251686096191406;0.33794641494750977
0.034564606845378876;-0.3185110092163086;0.7173738479614258
0.08364281058311462;-0.19375848770141602;0.654813289642334
0.01694507896900177;-0.17486906051635742;0.5248641967773438
0.4635663330554962;-0.03621816635131836;0.5173816680908203
1.1191638708114624;-0.10023117065429688;0.9401249885559082
0.8982737064361572;-0.48128557205200195;1.2835144996643066
0.2103930115699768;-0.8479681015014648;1.092289924621582
-0.37018197774887085;-0.8086895942687988;0.48069334030151367
-0.4298528730869293;-0.48581600189208984;0.09276247024536133
0.14749276638031006;-0.07161569595336914;0.01604604721069336
0.7033095359802246;0.08204126358032227;0.49112796783447266
0.8158904314041138;0.042912960052490234;1.0500950813293457
0.6477496027946472;0.11585807800292969;0.8778476715087891
0.4017648696899414;0.3566904067993164;0.1450052261352539
0.16786408424377441;0.5497312545776367;-0.17238903045654297
0.03749799728393555;0.6230897903442383;-0.11164665222167969
0.09070706367492676;0.6359968185424805;0.1340179443359375
0.06607192754745483;0.5986218452453613;0.27261924743652344
0.27547788619995117;0.5181145668029785;0.2946157455444336
0.4294070601463318;0.3801383972167969;0.3277320861816406
0.5713900327682495;0.2423410415649414;0.17639970779418945
0.7257210612297058;0.27065420150756836;0.13608837127685547
0.84092116355896;0.16770458221435547;0.2857480049133301
0.9230296611785889;0.09135055541992188;0.2173295021057129
1.0025403499603271;0.19481325149536133;-0.022902965545654297
0.988497793674469;0.36499643325805664;-0.26419782638549805
0.9705747365951538;0.513094425201416;-0.47900867462158203
1.0355615615844727;0.7407655715942383;-0.8155231475830078
1.07121741771698;0.7168388366699219;-0.43846750259399414
0.89719158411026;0.42559051513671875;0.19013166427612305
0.495863676071167;0.2557492256164551;0.2037510871887207
0.4976246654987335;0.27176761627197266;0.27377891540527344
0.6844784617424011;0.2756671905517578;0.5728530883789063
0.1449548602104187;0.11046457290649414;0.6738996505737305
-0.13536810874938965;-0.11446332931518555;0.5616483688354492
-0.39053410291671753;-0.07994842529296875;-0.08671045303344727
-0.6078209280967712;0.029297351837158203;-0.1305084228515625
-2.3468122482299805;-0.5402731895446777;0.0011830329895019531
-0.5674041509628296;-0.033124446868896484;-1.1679601669311523
-0.9277558326721191;0.5772418975830078;-1.4727973937988281
-0.48079439997673035;0.6041760444641113;-1.556319236755371
-0.1768716424703598;1.1512699127197266;-0.9410066604614258
0.4750751256942749;1.288468360900879;-0.5658531188964844
0.14512129127979279;0.9709978103637695;0.07184410095214844
-0.09230974316596985;0.5015931129455566;0.7101969718933105
0.04421646147966385;0.2332172393798828;0.7438235282897949
-0.22904841601848602;0.2444310188293457;-1.1279816627502441
-0.49620646238327026;0.49855852127075195;-0.34520769119262695
0.37914779782295227;0.3212265968322754;0.5819149017333984
0.5565507411956787;0.3141140937805176;0.7341179847717285
0.3432961404323578;0.23626279830932617;-0.13303136825561523
0.4580398499965668;0.6816196441650391;-0.5990109443664551
0.9149270057678223;0.4449295997619629;-0.2621307373046875
0.7145426869392395;-0.1992645263671875;0.7196245193481445
0.32818830013275146;-0.4219512939453125;0.8218364715576172
-0.1005178913474083;0.29260683059692383;-0.1677403450012207
0.31813833117485046;0.8785667419433594;-0.4074525833129883
0.7280483245849609;0.7830276489257813;-0.3553476333618164
0.9008897542953491;0.8905515670776367;0.14881134033203125
1.6578062772750854;0.20877695083618164;1.2843279838562012
1.294231653213501;-0.013409614562988281;1.2490997314453125
0.9219886660575867;0.06584644317626953;0.5824828147888184
0.4922963082790375;0.24772977828979492;-0.17673969268798828
0.3183484673500061;0.1545701026916504;-0.681182861328125
0.43538111448287964;0.2814292907714844;-0.7238907814025879
0.6729597449302673;0.43342018127441406;-0.7359533309936523
0.7435417175292969;0.6683478355407715;-0.7952690124511719
0.7017004489898682;0.810218334197998;-0.659794807434082
0.5721484422683716;0.7497382164001465;-0.5102362632751465
0.5723772644996643;0.7313385009765625;-0.2756056785583496
0.4673299193382263;0.7289648056030273;-0.0727386474609375
0.28585052490234375;0.6888275146484375;-0.12275218963623047
0.22551026940345764;0.5337529182434082;0.07447052001953125
0.16202011704444885;0.4974040985107422;-0.1138763427734375
0.14020925760269165;0.6538987159729004;-0.46531200408935547
0.3437681198120117;0.579254150390625;0.1403970718383789
0.39302903413772583;0.4512639045715332;0.571807861328125
0.08659020066261292;0.37452268600463867;0.06521034240722656
-0.13495558500289917;0.5520811080932617;-0.38907575607299805
-0.25235623121261597;0.41823673248291016;-0.38498973846435547
-0.24750760197639465;0.5369558334350586;-0.46518516540527344
-0.2360328733921051;0.6744036674499512;-0.7555503845214844
-0.23427580296993256;1.0013608932495117;-0.7001090049743652
0.04201716184616089;1.0096516609191895;-0.13384008407592773
0.20318302512168884;0.9732480049133301;0.2823677062988281
0.2608563303947449;0.967078685760498;0.32755184173583984
0.26949501037597656;0.8880825042724609;0.19203901290893555
0.5284294486045837;0.7642369270324707;0.22301578521728516
0.29290714859962463;0.4708685874938965;-0.22198057174682617
-0.17423661053180695;0.3873577117919922;-1.049788475036621
-0.37113019824028015;0.43570470809936523;-1.6785922050476074
-0.4696870446205139;0.4492812156677246;-1.7936248779296875
-0.3953489661216736;0.42493772506713867;-1.260948657989502
-0.21374563872814178;0.2867770195007324;-0.5769357681274414
0.1417272686958313;0.29295873641967773;0.25702381134033203
0.027494162321090698;0.40369319915771484;0.6002049446105957
-0.173197939991951;0.5022363662719727;0.3483095169067383
-0.13993775844573975;0.4743461608886719;0.16613149642944336
0.039139896631240845;0.46866750717163086;-0.010460376739501953
-0.023415952920913696;0.7098608016967773;-0.5433716773986816
0.10503390431404114;0.8737568855285645;-1.0682668685913086
0.36324527859687805;0.683682918548584;-0.6300444602966309
0.18674218654632568;0.2463841438293457;0.19948816299438477
-0.2873559296131134;-0.0037994384765625;0.20110416412353516
-0.276518315076828;0.41278791427612305;-0.17733144760131836
0.10405600070953369;0.5579895973205566;-0.40445995330810547
0.5196303129196167;0.5770797729492188;-0.30903196334838867
0.8547157049179077;0.6655426025390625;-0.1265263557434082
1.0985331535339355;0.7180619239807129;0.4081735610961914
1.2027193307876587;0.532865047454834;1.3590054512023926
1.1011016368865967;0.32861328125;1.743546485900879
0.9352853298187256;0.5076794624328613;1.1338133811950684
0.7918053865432739;0.7073264122009277;0.10538005828857422
0.811643123626709;0.8828611373901367;-0.562286376953125
0.7123022079467773;0.8255133628845215;-0.7012968063354492
0.554937481880188;0.6297297477722168;-0.3810873031616211
0.35088151693344116;0.47760581970214844;-0.29134273529052734
0.2924392521381378;0.4825286865234375;-0.3381190299987793
0.38826197385787964;0.46058082580566406;-0.3017239570617676
0.4664899408817291;0.4253368377685547;-0.20362472534179688
0.409753680229187;0.44165849685668945;-0.35163354873657227
0.317763090133667;0.4531984329223633;-0.40165042877197266
0.08569705486297607;0.38789796829223633;-0.18954038619995117
-0.18632277846336365;0.32944822311401367;-0.3381352424621582
-0.08790507912635803;0.1260814666748047;0.02477407455444336
0.08603811264038086;-0.3072366714477539;1.077782154083252
-0.08262598514556885;-0.40680885314941406;1.142796516418457
-0.5793179273605347;0.030749797821044922;-0.6685843467712402
-0.655730128288269;0.7377581596374512;-2.215841293334961
-0.4398033618927002;0.9108710289001465;-2.2122139930725098
-0.33663231134414673;0.3987751007080078;-0.7696371078491211
-0.6087433099746704;-0.12096500396728516;0.427640438079834
-1.387816309928894;0.3433570861816406;0.07587957382202148
-1.5824980735778809;0.7135968208312988;-0.6033978462219238
-0.909355878829956;1.2365922927856445;-0.5760040283203125
-0.001126408576965332;1.704796314239502;-0.20019960403442383
0.46076345443725586;1.8107242584228516;0.10938215255737305
0.6724857091903687;1.5802459716796875;0.6783761978149414
0.3279757499694824;1.0211310386657715;0.9780774116516113
-0.18794625997543335;0.6781063079833984;0.2764434814453125
-0.6447948217391968;0.7245388031005859;-0.9198474884033203
-0.814694344997406;0.5748133659362793;-1.3580060005187988
-0.8901683688163757;0.35320091247558594;-1.084322452545166
-0.7185565233230591;0.2535243034362793;-0.6344642639160156
-0.411224901676178;0.3151984214782715;-0.29127073287963867
-0.1936570405960083;0.31683349609375;0.016026020050048828
-0.3377496600151062;0.34693336486816406;0.013793468475341797
-0.2747510075569153;0.3659186363220215;0.1314859390258789
-0.0665627121925354;0.4319438934326172;0.30086755752563477
-0.16198211908340454;0.4299435615539551;0.20395755767822266
-0.18620353937149048;0.42620229721069336;-0.15198898315429688
0.06487846374511719;0.20800447463989258;0.2664222717285156
0.11057460308074951;2.961158752441406E-4;0.6285190582275391
-0.05444765090942383;-0.19062185287475586;0.4041910171508789
-0.02810436487197876;0.0800943374633789;-0.0625457763671875
0.17035925388336182;0.09041547775268555;0.0011692047119140625
0.23953652381896973;-0.024056434631347656;0.3259773254394531
0.4712567925453186;-0.040406227111816406;0.5999441146850586
0.707827091217041;0.14847421646118164;0.9342403411865234
0.7980254888534546;0.15332460403442383;1.1948466300964355
0.7737514972686768;0.16486644744873047;1.1816725730895996
0.5425509214401245;0.13014698028564453;0.7274069786071777
0.33668947219848633;0.11276769638061523;0.11005020141601563
0.22181177139282227;0.18592357635498047;-0.5506534576416016
0.2553746700286865;0.3356485366821289;-0.7792520523071289
-0.038268089294433594;0.2441873550415039;-0.6510353088378906
-0.3834267854690552;-0.0026144981384277344;-0.2021465301513672
-0.5410948991775513;-0.11426496505737305;0.21666479110717773
-0.6324044466018677;-0.0840601921081543;0.28429174423217773
-0.4841083288192749;0.19833087921142578;0.0685281753540039
-0.1494399905204773;0.39910459518432617;0.024546146392822266
0.03724247217178345;0.4158759117126465;0.0721578598022461
0.27994853258132935;0.32813310623168945;0.2767953872680664
0.27543604373931885;0.11693811416625977;0.569859504699707
-0.38436490297317505;0.058943748474121094;0.013354301452636719
-0.7439785599708557;0.17970514297485352;-0.816624641418457
-0.5300339460372925;0.23821449279785156;-0.6674456596374512
-0.6132631301879883;-0.16458463668823242;-0.018546581268310547
-0.9593530297279358;-0.5088706016540527;0.4512972831726074
-1.1320178508758545;-0.2586631774902344;0.1511373519897461
-1.233012080192566;0.273284912109375;-0.4425802230834961
-1.2276184558868408;0.5021114349365234;-0.5438480377197266
-0.945038914680481;0.637047290802002;0.019218921661376953
-0.5406312942504883;0.6295819282531738;0.7220611572265625
-0.31578707695007324;0.5010766983032227;1.3480496406555176
-0.25330376625061035;0.3831667900085449;1.6503190994262695
-0.4157499372959137;0.35694169998168945;0.8216404914855957
-0.6597408056259155;0.4967813491821289;-0.22432899475097656
-0.594205379486084;0.3980069160461426;-0.26113080978393555
-0.3612263798713684;0.11094808578491211;0.263948917388916
-0.14846092462539673;0.10041522979736328;0.5852031707763672
-0.05022239685058594;0.06296062469482422;0.9212875366210938
-0.05129706859588623;-0.020542621612548828;1.1769208908081055
0.13317596912384033;0.042612552642822266;0.9231834411621094
0.5677498579025269;0.3714413642883301;0.41988706588745117
1.1693623065948486;0.4017634391784668;0.13581132888793945
1.2017866373062134;-0.3870868682861328;0.9985699653625488
0.10690385103225708;-1.0439763069152832;0.9402108192443848
-0.6510165333747864;-0.6751995086669922;-0.3835134506225586
-0.5141663551330566;-0.07708978652954102;-1.1994876861572266
0.43084102869033813;0.09921789169311523;-0.3658299446105957
1.1662299633026123;-0.027387619018554688;0.8801965713500977
1.30730140209198;-0.020669937133789063;1.5651483535766602
1.1522443294525146;0.02440357208251953;1.5984740257263184
0.5042630434036255;0.08076286315917969;0.9251914024353027
0.22965693473815918;0.15677404403686523;0.20978975296020508
0.3771406412124634;0.39280128479003906;-0.19469070434570313
0.44255077838897705;0.5226387977600098;-0.3970341682434082
0.4039832353591919;0.5021886825561523;-0.2586708068847656
0.30001378059387207;0.3427548408508301;0.034723758697509766
0.25897908210754395;0.28211069107055664;0.18398237228393555
0.2546215057373047;0.3343238830566406;0.009285449981689453
0.19835519790649414;0.38463354110717773;-0.19357919692993164
0.2635071277618408;0.44936513900756836;-0.34313535690307617
0.259035587310791;0.45077085494995117;-0.24979543685913086
0.19426119327545166;0.3229818344116211;-0.12350130081176758
0.16530537605285645;0.30051183700561523;-0.0896902084350586
0.12370645999908447;0.4100914001464844;-0.17536449432373047
0.3909989595413208;0.23177528381347656;0.28435373306274414
0.7090092897415161;-0.10563945770263672;1.2477154731750488
0.33043813705444336;-0.5208306312561035;1.0889849662780762
-0.30516982078552246;-0.15671730041503906;-0.5638647079467773
-0.390588641166687;0.3059563636779785;-1.6945137977600098
-0.10850304365158081;0.38017940521240234;-1.4473505020141602
-0.020865917205810547;0.14822769165039063;-0.4231581687927246
-0.45295974612236023;-0.15395307540893555;0.1964859962463379
-0.909378707408905;-0.08327388763427734;0.2595028877258301
-1.0361887216567993;0.15610504150390625;0.12453126907348633
-1.0916951894760132;0.43350648880004883;0.11979198455810547
-0.6746794581413269;0.9490437507629395;0.25074195861816406
0.22146975994110107;1.3373470306396484;0.31274843215942383
0.8629405498504639;1.4279789924621582;0.8289461135864258
0.8413254022598267;1.136983871459961;1.1320414543151855
0.23401159048080444;0.869347095489502;0.4233236312866211
-0.07779896259307861;0.6780805587768555;-0.05737924575805664
-0.1983914077281952;0.2814497947692871;0.10935497283935547
-0.5621484518051147;0.056845664978027344;0.1170654296875
-0.6680825352668762;-0.04968452453613281;0.04804658889770508
-0.23629996180534363;0.06852579116821289;0.29122495651245117
0.21982640027999878;0.21364068984985352;0.5774712562561035
0.29210400581359863;0.2451171875;0.3232913017272949
0.5280302166938782;0.32491064071655273;-0.20583105087280273
0.9255886673927307;-0.11084461212158203;0.7375397682189941
0.3113420605659485;-0.7307024002075195;1.0681467056274414
-0.7160609364509583;-0.7257323265075684;-0.1257615089416504
-1.1327786445617676;-0.2808070182800293;-1.1596198081970215
-0.8851867914199829;0.09567499160766602;-0.802457332611084
0.35850363969802856;0.07404041290283203;0.5447702407836914
1.2594752311706543;0.28571462631225586;1.5106315612792969
1.518405556678772;0.2979311943054199;1.857701301574707
1.3337042331695557;0.3063535690307617;1.3319573402404785
1.0743918418884277;0.2960348129272461;0.2752876281738281
0.861884593963623;0.3357200622558594;-0.5204877853393555
0.6922366619110107;0.2920241355895996;-1.0069050788879395
0.6054396033287048;0.38585901260375977;-1.1859660148620605
0.4512433409690857;0.43511438369750977;-1.039501667022705
0.19029903411865234;0.37383079528808594;-0.6323843002319336
-0.004335939884185791;0.2044997215270996;0.03946876525878906
-0.20253652334213257;0.2168879508972168;0.47143077850341797
-0.16479748487472534;0.24872875213623047;0.4956979751586914
0.40980416536331177;0.5984268188476563;0.43026256561279297
0.7853285074234009;0.6791009902954102;0.5292973518371582
0.9116978645324707;0.6147322654724121;0.7409000396728516
0.8492562770843506;0.42206525802612305;0.4624309539794922
0.9698095321655273;0.2916111946105957;0.04824686050415039
1.2202043533325195;0.3151555061340332;-0.22292566299438477
0.7293006777763367;0.35077762603759766;-0.8484392166137695
0.0830722451210022;0.32469844818115234;-1.485948085784912
-0.13764527440071106;0.30435943603515625;-1.3580756187438965
-0.05058369040489197;0.0707545280456543;-0.3343501091003418
0.0016801953315734863;-0.005479335784912109;0.6310291290283203
-0.22564151883125305;0.1964740753173828;0.42397356033325195
-0.39431703090667725;0.5787749290466309;-0.21309471130371094
-0.33436113595962524;0.7350444793701172;-0.006744384765625
-0.33043372631073;0.6431946754455566;0.6235308647155762
-0.1848600208759308;0.8584980964660645;0.6153044700622559
0.17717796564102173;1.234811782836914;0.2370452880859375
0.5094228386878967;1.247485637664795;0.42185258865356445
0.0315667986869812;0.773338794708252;0.529475212097168
-0.4488695561885834;0.5767602920532227;0.020509719848632813
-0.5366256237030029;0.5321698188781738;-0.4301137924194336
-0.30528438091278076;0.4530620574951172;-0.5068011283874512
-0.11264118552207947;0.4185142517089844;-0.3597545623779297
-0.29809361696243286;0.34886598587036133;-0.2301158905029297
-0.4602823555469513;0.1389007568359375;0.09803962707519531
-0.46986061334609985;0.08394002914428711;0.04652690887451172
-0.06237375736236572;0.4880638122558594;-0.42636823654174805
0.43279844522476196;0.759392261505127;-0.5920062065124512
0.7323790192604065;0.5725603103637695;-0.2602267265319824
0.5364976525306702;-0.1775360107421875;0.810523509979248
-0.2914797067642212;-0.2460179328918457;0.29063940048217773
-0.5335965752601624;0.4183926582336426;-0.9886107444763184
0.09989243745803833;0.7579946517944336;-1.007174015045166
0.7406275272369385;0.7500267028808594;-0.05843353271484375
1.018766164779663;0.4634828567504883;0.6690464019775391
1.054818034172058;0.40850114822387695;1.1734070777893066
1.1307297945022583;0.28064632415771484;1.6161818504333496
0.9433960914611816;0.21856927871704102;1.425708293914795
0.6124655604362488;0.28163909912109375;0.22116851806640625
0.6048571467399597;0.49225521087646484;-0.6523351669311523
1.0672004222869873;0.7175979614257813;-0.7547316551208496
1.115167260169983;0.7340126037597656;-0.6665844917297363
1.0026298761367798;0.7206649780273438;-0.6059398651123047
0.6904001235961914;0.5523581504821777;-0.45068788528442383
0.48053601384162903;0.5361132621765137;-0.4258275032043457
0.5664686560630798;0.6859245300292969;-0.3288869857788086
0.6578124761581421;0.6055679321289063;-0.2499217987060547
0.8030933141708374;0.6531624794006348;-0.08195686340332031
0.781102180480957;0.5711874961853027;0.18603944778442383
0.5731675624847412;0.5105319023132324;-0.08604717254638672
0.5120835304260254;0.6713619232177734;-0.21135568618774414
0.5153625011444092;0.5364694595336914;0.3125886917114258
0.5844461917877197;0.3555774688720703;0.45270633697509766
0.5753481388092041;0.5430316925048828;0.13335371017456055
0.7314674854278564;0.4771556854248047;0.5048708915710449
0.7516264915466309;0.1908578872680664;0.4260401725769043
0.4315086603164673;0.14836454391479492;-0.23399925231933594
0.13885608315467834;0.29471731185913086;-0.9972043037414551
0.0685197114944458;0.3058452606201172;-1.3263726234436035
-0.16217385232448578;0.21113824844360352;-1.0976462364196777
-0.28040072321891785;0.058780670166015625;-0.7277240753173828
0.06790655851364136;0.028882503509521484;-0.2856755256652832
0.15108080208301544;-0.00999307632446289;0.5202040672302246
0.10914573073387146;0.10444259643554688;0.8854560852050781
0.29153144359588623;0.13073253631591797;0.683866024017334
0.08923515677452087;0.2930006980895996;0.4227633476257324
-0.13260260224342346;0.3186159133911133;-0.1442255973815918
-0.23933513462543488;0.4188394546508789;-0.5561509132385254
-0.13823124766349792;0.7742156982421875;-0.30711793899536133
-0.09802286326885223;0.4117698669433594;0.3931121826171875
-0.2895984649658203;0.3989424705505371;0.47536373138427734
-0.21322864294052124;0.7904462814331055;0.1754016876220703
-0.13496756553649902;0.9442534446716309;0.18956375122070313
-0.20176322758197784;0.6323175430297852;0.7606611251831055
-0.5361202955245972;0.382230281829834;0.8333187103271484
-0.8248308300971985;0.5396437644958496;0.15778350830078125
-0.8317334651947021;0.6298341751098633;-0.215606689453125
-0.8507050275802612;0.620689868927002;-0.1825098991394043
-0.8505959510803223;0.6189708709716797;-0.08448648452758789
-0.9523655772209167;0.2577657699584961;0.30022621154785156
-0.9461556673049927;0.23568964004516602;0.057639122009277344
-0.7646490335464478;0.5997133255004883;-0.17911529541015625
-0.42934390902519226;0.6657800674438477;-0.4676642417907715
-0.29107439517974854;0.6260147094726563;-0.09638309478759766
-0.251178115606308;0.5049495697021484;0.3799285888671875
-0.15811432898044586;0.34405994415283203;0.4676809310913086
-0.040197551250457764;0.3764686584472656;0.590601921081543
0.2588405907154083;0.5481457710266113;0.806401252746582
0.20511427521705627;0.6876850128173828;-0.35005807876586914
0.1928679645061493;0.8525476455688477;-0.7322549819946289
0.02557310461997986;0.695828914642334;-0.8023147583007813
0.02519524097442627;0.44290828704833984;-0.4834136962890625
-0.06031244993209839;-0.014162063598632813;0.27213239669799805
-0.1791781634092331;-0.41493701934814453;0.7791123390197754
-0.19362929463386536;-0.3831501007080078;0.6134076118469238
-0.24644261598587036;-0.0686483383178711;0.011748313903808594
-0.2758338153362274;0.06114625930786133;-0.24163198471069336
0.03071632981300354;0.017987728118896484;-0.170440673828125
0.3698939383029938;0.022131919860839844;0.12487506866455078
0.5818754434585571;-0.11883687973022461;0.4872779846191406
0.6399897933006287;-0.10452127456665039;0.482757568359375
0.1369037628173828;-0.04114341735839844;0.42046403884887695
-0.24936172366142273;-0.14296579360961914;0.5140109062194824
0.1108507513999939;-0.08838176727294922;0.5722579956054688
0.5936360955238342;0.18474388122558594;0.1222381591796875
0.7047790884971619;0.34961891174316406;-0.22523117065429688
0.6780235171318054;0.37029266357421875;-0.3296642303466797
0.6040320992469788;0.49762821197509766;-0.27535009384155273
0.5372989177703857;0.6025958061218262;-0.381070613861084
0.44948506355285645;0.7127590179443359;-0.1494913101196289
0.40416502952575684;0.5625762939453125;0.3520183563232422
0.4109930992126465;0.3641533851623535;0.7640824317932129
0.32824206352233887;0.2701754570007324;0.714597225189209
0.43417298793792725;0.344388484954834;0.37711524963378906
0.47007596492767334;0.28060293197631836;0.22328567504882813
0.562735915184021;0.15875577926635742;0.23384666442871094
0.6139966249465942;0.14035797119140625;0.06992626190185547
0.5168696641921997;0.0522160530090332;-0.043938636779785156
0.4735223054885864;0.09221410751342773;-0.17415428161621094
0.5490016937255859;0.1583085060119629;-0.3060579299926758
0.6968406438827515;0.32523393630981445;-0.41541051864624023
0.761604905128479;0.28719329833984375;-0.2138533592224121
0.794715404510498;0.2555546760559082;-0.1253671646118164
0.6609914302825928;0.33893394470214844;-0.16347742080688477
0.4704246520996094;0.38706398010253906;-0.2637195587158203
0.5123705267906189;0.2711644172668457;-0.06908988952636719
0.49207186698913574;0.2658357620239258;0.4328136444091797
0.512254536151886;-0.004549980163574219;1.0346455574035645
0.5010731816291809;0.0027856826782226563;1.3528857231140137
0.2690901756286621;-0.1795663833618164;1.164344310760498
-0.34475165605545044;-0.345306396484375;0.26181983947753906
-0.7440937757492065;-0.18063735961914063;-0.5078344345092773
-0.7140145301818848;-0.07399606704711914;-0.9383378028869629
-0.8139113783836365;0.009857177734375;-1.001044750213623
-1.0101255178451538;-0.04699230194091797;-0.7609496116638184
-1.1349995136260986;-0.2277684211730957;-0.26236486434936523
-1.1381748914718628;-0.5684127807617188;0.5233845710754395
-1.0456809997558594;-0.6307473182678223;1.223799228668213
-0.8096069097518921;-0.37685680389404297;1.6770153045654297
-0.8002534508705139;-0.015337467193603516;1.2100610733032227
-0.6189256906509399;0.3885197639465332;0.6219062805175781
-0.463223397731781;0.40438175201416016;0.35498476028442383
-0.3324892222881317;0.2770981788635254;0.5140542984008789
-0.4312748908996582;0.10100269317626953;0.7107419967651367
-0.7908128499984741;-0.07076454162597656;0.7259740829467773
-1.1055445671081543;-0.2195897102355957;0.3941183090209961
-1.0308789014816284;-0.16490983963012695;0.35787487030029297
-0.9853811264038086;-0.23331165313720703;0.32785987854003906
-0.9307634830474854;-0.25048017501831055;0.25693368911743164
-0.9696265459060669;-0.34128713607788086;0.3097848892211914
-1.0213474035263062;-0.3424410820007324;0.22492599487304688
-0.9259650707244873;-0.1312088966369629;0.2209639549255371
-0.684225857257843;-0.13851165771484375;0.48355865478515625
-0.4035099148750305;-0.19608259201049805;1.0596280097961426
-0.21525585651397705;-0.2862977981567383;1.367809772491455
-0.14875000715255737;-0.20156383514404297;1.1425104141235352
-0.12469637393951416;0.023851871490478516;0.6758637428283691
0.004288792610168457;0.25992441177368164;0.4368610382080078
0.13148385286331177;0.2597994804382324;0.8024096488952637
0.1428443193435669;0.08864116668701172;0.7971725463867188
-0.06380611658096313;-0.07643556594848633;0.41236352920532227
-0.5127744674682617;-0.34862422943115234;0.4904360771179199
-0.8400335311889648;-0.414675235748291;0.5323219299316406
-0.5341527462005615;-0.2458043098449707;0.37888383865356445
-0.0076403021812438965;-0.04473686218261719;0.29684877395629883
0.5409102439880371;0.012135505676269531;0.47383689880371094
0.7885775566101074;0.03415250778198242;0.6787009239196777
0.7190990447998047;0.018568038940429688;0.7009563446044922
0.2952004671096802;0.0011725425720214844;0.4460263252258301
-0.12512660026550293;0.04911947250366211;0.18586301803588867
-0.3840789198875427;0.06324195861816406;0.22215604782104492
-0.2675246596336365;0.19727420806884766;0.3505415916442871
-0.11098670959472656;0.35343503952026367;0.32713794708251953
0.073447585105896;0.5082483291625977;0.30845165252685547
0.19542419910430908;0.5861120223999023;0.205047607421875
0.2848249673843384;0.6512079238891602;0.1098933219909668
0.31236445903778076;0.5303382873535156;0.21868181228637695
0.3087468147277832;0.3952035903930664;0.36157989501953125
0.16091883182525635;0.24587202072143555;0.26326417922973633
0.04536259174346924;0.10581541061401367;0.13518953323364258
-0.08575761318206787;-0.05518054962158203;0.03351306915283203
-0.28392136096954346;-0.16034269332885742;0.03202009201049805
-0.35873502492904663;-0.24248027801513672;0.15497398376464844
-0.17062592506408691;-0.09481954574584961;0.21756744384765625
0.16838037967681885;0.00898599624633789;0.3416261672973633
0.5872747898101807;0.17899465560913086;0.41418886184692383
0.6975628137588501;0.2175450325012207;0.37701940536499023
0.6536375284194946;0.1388111114501953;0.35024023056030273
0.7914737462997437;0.11321020126342773;0.3981199264526367
1.0613120794296265;0.1651310920715332;0.41285085678100586
1.281312108039856;0.21532487869262695;0.38701581954956055
1.2840571403503418;0.2702641487121582;0.20533180236816406
1.107345700263977;0.1712331771850586;0.3006277084350586
0.6124686002731323;-0.1196751594543457;0.7184381484985352
0.4401981830596924;-0.17648744583129883;0.7332243919372559
0.6012455224990845;-0.03422975540161133;0.6417174339294434
0.8516668081283569;-0.013443946838378906;0.7125186920166016
0.8348945379257202;0.0046367645263671875;0.7214112281799316
0.3993794918060303;0.01061248779296875;0.34642696380615234
0.08651137351989746;-0.14895057678222656;0.2357783317565918
0.1473388671875;-0.3087325096130371;0.7320556640625
0.1638563871383667;-0.472623348236084;1.0650033950805664
-0.016726374626159668;-0.4154081344604492;0.7221765518188477
-0.1563628911972046;-0.2918686866760254;0.28217411041259766
-0.09517502784729004;-0.2404179573059082;0.32634735107421875
-0.19853878021240234;-0.23230457305908203;0.46903324127197266
-0.2558419704437256;-0.26563310623168945;0.6285200119018555
-0.18340563774108887;-0.30527210235595703;0.840517520904541
-0.039296865463256836;-0.3920164108276367;1.074331283569336
-0.14713263511657715;-0.31088876724243164;1.1588129997253418
-0.4252539873123169;-0.25511932373046875;0.8934884071350098
-0.6616326570510864;-0.40822839736938477;0.7468509674072266
-0.7502137422561646;-0.40274477005004883;0.740241527557373
-0.8664146661758423;-0.35308837890625;0.5284581184387207
-0.9723951816558838;-0.3948502540588379;0.12404489517211914
-0.9950866103172302;-0.15004920959472656;-0.17566347122192383
-1.39266836643219;-0.21395254135131836;0.03354597091674805
-1.4764964580535889;-0.1609334945678711;0.10134124755859375
-1.2936183214187622;-0.09498357772827148;0.6908764839172363
-1.4497318267822266;-0.1124725341796875;0.7329554557800293
-1.2276420593261719;0.25961923599243164;0.3441171646118164
-0.8994801044464111;0.6331071853637695;-0.0035276412963867188
-0.6765753030776978;0.2624082565307617;0.5049452781677246
-0.6372711658477783;-0.5438966751098633;1.5466947555541992
-0.5217562317848206;-0.35202646255493164;1.538435459136963
-0.27199822664260864;0.40314626693725586;0.7916579246520996
-0.24529841542243958;0.30072021484375;0.46918153762817383
-0.3328516185283661;0.21085548400878906;0.4221506118774414
-0.46450814604759216;-0.025249004364013672;0.6706738471984863
-0.45927610993385315;0.07211971282958984;0.5715365409851074
-0.4714142978191376;-0.08529949188232422;0.6001462936401367
-0.3177472949028015;-0.15679597854614258;0.7090401649475098
-0.1116749495267868;0.12138032913208008;0.40010786056518555
0.04949149489402771;0.22322988510131836;-0.10066699981689453
-0.15040801465511322;-0.6680946350097656;0.2534618377685547
-0.2508090138435364;-0.6499018669128418;1.0976214408874512
-0.19138182699680328;-0.1318359375;0.4386262893676758
0.4149138033390045;-0.32608747482299805;0.15402746200561523
0.2021288275718689;-1.2152395248413086;1.4145188331604004
-0.46558427810668945;-1.300872802734375;1.6539726257324219
-0.10985183715820313;-0.6219072341918945;0.6452322006225586
-0.1298658549785614;-0.022135257720947266;-0.08668756484985352
0.04567338526248932;-2.40325927734375E-4;-0.22658014297485352
0.521264910697937;0.22626066207885742;-0.03613996505737305
0.8082888722419739;0.3157200813293457;0.6010146141052246
0.7450842261314392;0.1887197494506836;0.9989471435546875
0.6299561858177185;0.08548641204833984;1.0485081672668457
0.558502197265625;0.061550140380859375;1.0447077751159668
0.4505801796913147;0.006279945373535156;0.7901015281677246
0.8427373766899109;0.5821962356567383;-0.04365110397338867
1.0519044399261475;0.8387036323547363;-0.07959842681884766
0.5839937925338745;0.20696496963500977;0.49416399002075195
0.27038639783859253;0.10279989242553711;0.11069202423095703
0.026969552040100098;0.2703828811645508;-0.13993597030639648
0.10656769573688507;0.10617351531982422;0.38866615295410156
0.092842236161232;0.2378559112548828;0.11382055282592773
0.36122751235961914;0.4575977325439453;-0.2721548080444336
0.30795830488204956;0.4696221351623535;-0.5436458587646484
0.28432226181030273;0.38052845001220703;-0.49928998947143555
0.094225212931633;0.33916187286376953;-0.3046255111694336
0.08025574684143066;0.49242496490478516;-0.5732440948486328
0.2170362025499344;0.5838260650634766;-0.5828804969787598
0.2203916609287262;0.48390865325927734;-0.18665504455566406
0.17857319116592407;0.3466200828552246;0.07704639434814453
0.33029550313949585;0.3766341209411621;0.12418842315673828
0.15149259567260742;0.27085161209106445;0.1982879638671875
-0.05269348621368408;0.2980804443359375;0.1753520965576172
-0.5177159309387207;0.44085168838500977;-0.2559843063354492
-0.6507663726806641;0.7241497039794922;-0.9549989700317383
-0.4186953902244568;0.45162057876586914;-0.6153364181518555
-0.1694800853729248;-0.2731947898864746;0.8443636894226074
-0.2803136110305786;-0.48759031295776367;1.1715383529663086
-0.22982263565063477;-0.12903261184692383;0.11449718475341797
-0.15478724241256714;0.2938499450683594;-0.7116036415100098
-0.30670419335365295;0.3736238479614258;-0.8386034965515137
-0.5447522401809692;0.5312666893005371;-0.6026310920715332
-0.35835781693458557;0.4370136260986328;-0.5449357032775879
-0.43313249945640564;0.27556800842285156;0.2973976135253906
-0.1020084023475647;0.09582138061523438;1.024698257446289
-0.096517413854599;-0.30432796478271484;1.6405372619628906
-0.5328378677368164;0.4262528419494629;1.0992937088012695
-0.44207799434661865;0.39240074157714844;0.47554540634155273
-0.47514092922210693;0.47457075119018555;0.3155946731567383
-0.5110553503036499;0.6769204139709473;-0.48653221130371094
-0.8050200343132019;0.29325008392333984;-0.15010595321655273
-0.373126745223999;0.08310222625732422;0.8790302276611328
0.3728252947330475;0.3373756408691406;1.1631135940551758
0.5501933693885803;0.4770321846008301;0.47855281829833984
0.43882620334625244;0.3663301467895508;0.02569103240966797
0.08663520216941833;0.12835407257080078;-0.20367717742919922
-0.02629154920578003;-0.050180912017822266;-0.44147586822509766
-0.14605438709259033;-0.28582191467285156;-0.07173919677734375
-0.15387946367263794;-0.2399616241455078;0.024527549743652344
0.10254308581352234;-0.17606258392333984;0.2179574966430664
0.2243330478668213;-0.07024335861206055;0.29572296142578125
0.5008450746536255;0.1735973358154297;0.08872604370117188
0.7108191251754761;0.2605161666870117;0.17844390869140625
0.8486615419387817;0.5147109031677246;-0.0561823844909668
0.6267191171646118;0.8823108673095703;-0.521237850189209
1.10860013961792;1.056807518005371;-1.5145783424377441
0.6506319046020508;-0.582005500793457;0.5204505920410156
0.8750120401382446;-1.3178601264953613;2.195906639099121
0.7657684087753296;-0.6133732795715332;0.9320220947265625
0.9668102264404297;0.24378585815429688;-0.7755656242370605
1.6705219745635986;0.6909236907958984;-1.0557971000671387
1.2190601825714111;0.13912534713745117;-0.8372435569763184
0.804119884967804;0.755101203918457;-0.7237300872802734
1.0710358619689941;0.8039836883544922;-0.28491687774658203
1.1552824974060059;0.6641101837158203;0.6375112533569336
1.315640926361084;0.7050814628601074;1.4576187133789063
1.4522624015808105;0.886192798614502;1.3388357162475586
1.3007527589797974;1.0880537033081055;0.24531936645507813
1.0299992561340332;0.9408931732177734;-0.5246810913085938
0.9733008742332458;0.792327880859375;-0.7304673194885254
1.223924994468689;0.9201726913452148;-0.9465174674987793
1.1598809957504272;0.7064838409423828;-0.917820930480957
0.7498689889907837;0.26151371002197266;-0.48157405853271484
0.7174582481384277;0.0732421875;-0.05109405517578125
0.49517273902893066;0.0067729949951171875;-0.4253654479980469
