-1.4361789226531982;0.04446983337402344;0.6077306270599365
-1.4326090812683105;0.05268669128417969;0.8941435813903809
-1.2322818040847778;-0.014528274536132813;1.0231225490570068
-1.0083307027816772;-0.1849660873413086;0.9766221046447754
-0.8250868320465088;-0.21893692016601563;0.7419021129608154
-0.3894725441932678;-0.2414112091064453;0.7675132751464844
-0.26666563749313354;-0.09810638427734375;0.7011058330535889
0.10534429550170898;0.4364480972290039;0.5393590927124023
0.16697221994400024;0.3463783264160156;0.61122727394104
-0.30293047428131104;-0.26874637603759766;2.573721170425415
-0.008249998092651367;-0.6894769668579102;2.7944860458374023
0.5970104932785034;-0.29820728302001953;0.6557276248931885
0.7413297891616821;-0.19092845916748047;-0.4620828628540039
0.5803665518760681;-0.44691944122314453;0.4588768482208252
0.624855637550354;-0.5243759155273438;1.3765223026275635
0.8551920652389526;-0.5347537994384766;1.4719734191894531
1.0997726917266846;-0.43265724182128906;1.0566320419311523
0.6522042751312256;-0.23394107818603516;0.7665772438049316
0.015958309173583984;-0.21479129791259766;1.2617266178131104
0.11362344026565552;-0.008330345153808594;1.0491132736206055
0.36915716528892517;0.038138389587402344;0.656348466873169
0.44793230295181274;-0.05586051940917969;0.7035250663757324
0.3689846992492676;-0.29338550567626953;1.0310876369476318
0.38154783844947815;-0.45542240142822266;1.1720268726348877
0.377334862947464;-0.6278867721557617;1.2440581321716309
0.5614432096481323;-0.6750097274780273;1.3345952033996582
0.7320201992988586;-0.7896938323974609;1.439389705657959
0.7274878025054932;-0.7496099472045898;1.2598509788513184
0.4646154046058655;-0.5375881195068359;1.5646162033081055
0.28753918409347534;-0.532994270324707;1.6197140216827393
-0.20888882875442505;-0.41310691833496094;1.3160362243652344
-0.3493722081184387;-0.32366275787353516;1.5234768390655518
-0.6295070052146912;0.09553813934326172;0.8956058025360107
-0.5730280876159668;0.1746063232421875;-0.2667686939239502
-0.9460524320602417;-0.06474781036376953;1.9175159931182861
-0.7474471926689148;-0.32552051544189453;2.0402989387512207
-0.9183385372161865;-0.43743419647216797;1.895340919494629
-0.6992024779319763;-0.10674571990966797;1.562995433807373
-0.5942907333374023;-0.2009601593017578;1.2062592506408691
-0.41731470823287964;-0.1777782440185547;1.2474524974822998
-0.46051299571990967;-0.2807188034057617;1.147707462310791
-0.7569108009338379;-0.4905071258544922;1.3183619976043701
-1.2489858865737915;-0.7750434875488281;0.8536128997802734
-1.1374592781066895;-0.7652082443237305;1.081352710723877
-0.9907819032669067;-0.6798915863037109;1.5979399681091309
-0.5629106760025024;-0.3141193389892578;1.0212512016296387
-0.26356470584869385;-0.11557865142822266;0.436403751373291
-0.28842687606811523;0.03498363494873047;0.5361919403076172
-1.469679594039917;0.7330179214477539;0.32100772857666016
-0.9502391815185547;0.44368648529052734;0.08687973022460938
0.08379995822906494;1.7261772155761719;0.4071621894836426
-0.5971145629882813;-0.8788514137268066;0.9695744514465332
0.7094721794128418;-1.494293212890625;1.3980603218078613
1.1470894813537598;-1.393568992614746;1.1299114227294922
0.934555172920227;0.18007564544677734;1.2530336380004883
-0.17122793197631836;0.08933162689208984;0.41558122634887695
0.6589032411575317;-0.5595111846923828;1.7269515991210938
0.20243442058563232;-1.1061310768127441;0.046132802963256836
0.17568659782409668;-0.4975919723510742;0.83376145362854
1.2047836780548096;-1.2412571907043457;1.0064032077789307
0.9762042164802551;-1.0677223205566406;1.4766371250152588
0.7147952914237976;-0.00394439697265625;0.49706029891967773
0.451556921005249;0.6982173919677734;-0.3770003318786621
0.3897066116333008;0.8114566802978516;0.23933959007263184
-0.3835245370864868;0.6228055953979492;0.6984364986419678
-0.23689138889312744;0.38165855407714844;1.1258487701416016
0.8184802532196045;-0.20286273956298828;2.8400871753692627
0.6299080848693848;0.21251773834228516;0.57369065284729
0.9653322696685791;0.24412155151367188;0.43189430236816406
0.764946460723877;-0.2605772018432617;0.8065693378448486
0.6502348184585571;-0.47862911224365234;0.9491860866546631
-0.10683071613311768;-0.2957191467285156;0.8124387264251709
-0.2956041097640991;-0.48277950286865234;0.4054899215698242
0.13088905811309814;-0.5633792877197266;1.2541756629943848
0.6079506874084473;-1.2783350944519043;1.2418384552001953
0.5354152917861938;0.057147979736328125;0.14351391792297363
0.1780710220336914;0.25122737884521484;0.3945167064666748
-0.436551570892334;-0.012058258056640625;0.5012073516845703
-0.6502488851547241;-0.622563362121582;1.437474250793457
-0.4526526927947998;-0.5545368194580078;0.8477354049682617
-0.4617651700973511;-0.37451744079589844;0.034861087799072266
-0.4972073435783386;-0.6475534439086914;0.5192070007324219
-0.5376511216163635;-0.5004205703735352;0.8013582229614258
0.771029531955719;0.24292469024658203;2.133126735687256
0.11895647644996643;-0.013853073120117188;1.5445399284362793
0.46363821625709534;0.26278114318847656;1.1781044006347656
0.34028130769729614;0.042205810546875;0.807610034942627
-0.07111412286758423;-0.39060115814208984;0.6504521369934082
-0.2605783939361572;-0.46897220611572266;0.43581056594848633
-0.2562476396560669;-0.25899314880371094;-0.33739185333251953
-0.23624098300933838;-0.2030487060546875;-0.5067284107208252
-0.11525338888168335;-0.37418270111083984;-0.1252307891845703
0.15464144945144653;-0.13422584533691406;-0.10712528228759766
0.17728662490844727;0.0795602798461914;-0.06013083457946777
0.21258655190467834;0.07944869995117188;0.0797417163848877
0.43970367312431335;-0.060352325439453125;0.5838701725006104
0.6889739036560059;0.16762924194335938;0.9416975975036621
0.9485019445419312;0.2803812026977539;0.4457697868347168
0.6100152134895325;-0.10906696319580078;0.7996211051940918
0.36167144775390625;-0.27367115020751953;1.0329599380493164
0.47417962551116943;-0.08288860321044922;0.7217507362365723
0.6190717816352844;-0.011487960815429688;0.921940803527832
0.5996741652488708;-0.17249584197998047;0.9456191062927246
0.604536235332489;0.03453254699707031;0.33043813705444336
0.6324684619903564;0.2668428421020508;0.1946098804473877
0.5298954248428345;-0.06301116943359375;0.9414002895355225
0.22650659084320068;-0.43811798095703125;1.428297758102417
-0.12359952926635742;-0.7118644714355469;1.2088696956634521
-0.2753688097000122;-0.7969398498535156;0.7532289028167725
-0.10619008541107178;-0.8588771820068359;0.5557942390441895
0.0956038236618042;-0.8750276565551758;0.6254911422729492
0.6369251608848572;-0.8111171722412109;1.0268394947052002
0.6956944465637207;-0.8208637237548828;1.0454342365264893
0.9006087779998779;-0.7330150604248047;1.091881275177002
1.0783952474594116;-0.3411693572998047;0.7822370529174805
0.8940943479537964;-0.3467683792114258;1.0862360000610352
0.48597270250320435;-0.6694717407226563;1.7864210605621338
0.33882570266723633;-0.7639617919921875;1.8736586570739746
0.054721176624298096;-0.674860954284668;1.636240005493164
-0.5157155394554138;-0.4618511199951172;0.8302407264709473
-0.6720885038375854;-0.06668949127197266;0.5588736534118652
-0.6086150407791138;0.11193466186523438;1.537980556488037
-0.19563013315200806;-0.12987899780273438;3.060698986053467
-6.432533264160156E-4;-0.3046426773071289;3.144944667816162
-0.0637286901473999;-0.2713775634765625;2.1692934036254883
-0.2006625533103943;-0.21727657318115234;1.617579460144043
-0.05253535509109497;-0.14488983154296875;1.7380990982055664
0.2771335244178772;0.18120574951171875;1.4318480491638184
0.533271312713623;0.46176719665527344;0.9017257690429688
0.42298808693885803;0.28510189056396484;1.1264057159423828
0.28984421491622925;-0.14147186279296875;1.4548330307006836
0.4057745337486267;-0.40219783782958984;1.3933749198913574
0.3196691870689392;-0.3661317825317383;0.7739443778991699
0.12828150391578674;-0.25649547576904297;0.09193611145019531
0.055027782917022705;-0.3762092590332031;0.29486846923828125
0.21417760848999023;-0.7226934432983398;1.1287016868591309
0.7525880336761475;-0.5105829238891602;1.3755991458892822
1.2403309345245361;0.13251590728759766;0.4154324531555176
1.2680875062942505;0.4682178497314453;0.10780858993530273
1.0811126232147217;0.20823383331298828;0.793121337890625
0.2740256190299988;-0.5367050170898438;1.8410146236419678
0.05146890878677368;-0.5336580276489258;0.8551902770996094
0.3622013330459595;-0.09455299377441406;-0.15987467765808105
0.6371738910675049;-0.33223438262939453;1.1948297023773193
0.8343515396118164;-0.6574926376342773;2.193230152130127
0.8164899945259094;-0.6684713363647461;1.2686529159545898
0.7831699252128601;-0.29573535919189453;-0.20335793495178223
1.0894032716751099;-0.14906978607177734;-0.2953486442565918
1.1260565519332886;-0.3097810745239258;0.48652029037475586
0.6044760346412659;-0.6998376846313477;0.7879958152770996
0.2427411675453186;-0.7416181564331055;0.14615154266357422
0.25525134801864624;-0.7313880920410156;0.24388504028320313
0.4220242500305176;-0.7963399887084961;0.9975767135620117
0.6416273713111877;-0.6836662292480469;0.9259514808654785
0.8202937841415405;-0.4958362579345703;0.993086576461792
0.8840007781982422;-0.5122079849243164;1.2485935688018799
0.9638532400131226;-0.6031818389892578;1.4951512813568115
0.8228849768638611;-0.49215126037597656;1.207618236541748
0.537613570690155;-0.36099815368652344;0.8547322750091553
0.373886376619339;-0.13710784912109375;0.4152235984802246
0.20998263359069824;0.1402435302734375;0.08213996887207031
0.3822746276855469;0.04416465759277344;1.3423528671264648
0.6052310466766357;-0.20819664001464844;2.454564094543457
0.6541852951049805;-0.32219982147216797;2.388833522796631
0.49328628182411194;-0.22057723999023438;1.621058464050293
0.580400824546814;-0.03389167785644531;1.134096622467041
0.5286208987236023;-0.07344913482666016;1.3638544082641602
0.307750940322876;-0.1291942596435547;1.3158760070800781
0.2411499321460724;-0.07721328735351563;1.2337818145751953
0.3634728193283081;-0.005417823791503906;1.0201258659362793
0.3460349142551422;-0.12074756622314453;1.0258398056030273
0.26856911182403564;-0.30813121795654297;0.7847285270690918
0.08118495345115662;-0.2793750762939453;0.2372889518737793
-0.31857702136039734;-0.11321353912353516;-0.12807083129882813
-0.408216655254364;0.21246623992919922;-0.736269474029541
-0.39530253410339355;0.10360240936279297;-0.4931976795196533
-0.4617825150489807;-0.30161285400390625;0.26880550384521484
-0.11021101474761963;-0.8260369300842285;0.9036917686462402
-0.2620806097984314;-0.9481019973754883;0.8568429946899414
-0.3177294135093689;-0.7062549591064453;0.07342147827148438
0.10936728119850159;-0.5361099243164063;-0.10205841064453125
0.46078038215637207;-0.06941413879394531;-0.37596750259399414
0.23052489757537842;0.008587837219238281;-0.404630184173584
0.05122983455657959;-0.2839221954345703;0.4560856819152832
-0.09031683206558228;-0.5952811241149902;1.6981415748596191
-0.4284847378730774;-0.46180057525634766;1.3825783729553223
-0.027833759784698486;0.8875436782836914;-0.8072662353515625
0.6014362573623657;1.325718879699707;-0.8978993892669678
1.0632728338241577;0.6916093826293945;1.081810474395752
1.2443007230758667;0.007166862487792969;2.0269527435302734
1.536278486251831;-0.17545032501220703;1.746917724609375
1.1561734676361084;0.028776168823242188;0.16068267822265625
0.8279346227645874;0.18925094604492188;-0.8215503692626953
0.284379243850708;0.019506454467773438;-0.5514216423034668
0.32037997245788574;-0.4226055145263672;0.5435881614685059
0.5108479261398315;-0.3842482566833496;1.3260579109191895
0.4893178641796112;-0.36260080337524414;1.1418371200561523
0.4063797891139984;-0.2093815803527832;0.4806060791015625
0.7165037393569946;-0.12740182876586914;0.22632837295532227
1.0909028053283691;0.14771604537963867;0.05137443542480469
0.808577299118042;0.1372542381286621;0.029621601104736328
0.4322875440120697;5.769729614257813E-4;0.1299285888671875
0.007079422473907471;-0.040599822998046875;0.23969125747680664
-0.23845189809799194;-0.06433677673339844;0.09891843795776367
-0.4083893895149231;-0.0680546760559082;-0.1634836196899414
-0.14017769694328308;-0.04102277755737305;0.49382925033569336
0.1720297634601593;-0.15923786163330078;1.6283221244812012
0.35844841599464417;-0.058705806732177734;1.301004409790039
0.16549977660179138;0.0345311164855957;0.4235496520996094
-0.11593407392501831;-0.15092229843139648;0.6520657539367676
-0.6198062300682068;-0.5722436904907227;1.1324591636657715
-0.9916583895683289;-0.6321921348571777;1.1841912269592285
-0.969524621963501;-0.46867990493774414;1.1896319389343262
-0.7188751697540283;-0.25812244415283203;0.9357705116271973
-0.5131336450576782;-0.046683311462402344;0.6731047630310059
-0.5798650979995728;0.12414312362670898;0.45998239517211914
-0.5549824237823486;0.22058486938476563;0.2056264877319336
-0.5367416739463806;0.21633100509643555;0.39119911193847656
-0.4488476514816284;0.010821819305419922;0.677436351776123
-0.1741536259651184;0.04580497741699219;0.847376823425293
0.051462769508361816;0.0655059814453125;0.8845019340515137
0.19833502173423767;0.031914710998535156;0.9308013916015625
0.2183893620967865;-0.005211353302001953;0.9561734199523926
0.23793810606002808;0.03752708435058594;0.6226162910461426
0.18624332547187805;0.12693309783935547;0.36411142349243164
0.11755204200744629;0.15746545791625977;-0.2869720458984375
-0.04103398323059082;0.23179388046264648;-0.5006923675537109
-0.1375989317893982;-0.31615161895751953;0.9982161521911621
-0.4757028818130493;-1.0067920684814453;2.2888360023498535
-0.3609716296195984;-0.9533295631408691;1.090348720550537
0.32142364978790283;-0.04401350021362305;-0.9080238342285156
0.8055537939071655;0.4702119827270508;-0.9731631278991699
0.7878285646438599;0.37944841384887695;0.1173858642578125
0.6528367400169373;0.06625795364379883;1.01530122756958
0.8237181901931763;0.06044340133666992;1.367164134979248
0.9379335641860962;0.18958711624145508;0.8569326400756836
0.9655517339706421;0.24523639678955078;0.364316463470459
0.8063780665397644;0.3165445327758789;0.021282672882080078
0.41099005937576294;0.13542461395263672;-0.19751930236816406
0.35804539918899536;-0.030942916870117188;0.2372732162475586
0.8516513109207153;0.08397531509399414;0.5199542045593262
0.8673207759857178;0.2425980567932129;-0.009275436401367188
0.7119387984275818;0.19788551330566406;-0.5066390037536621
0.6071489453315735;0.06640243530273438;-0.3842182159423828
0.5683698654174805;-0.002456188201904297;-0.3788876533508301
0.41342735290527344;-0.10758733749389648;-0.1861128807067871
0.2805442214012146;-0.39260339736938477;0.27474164962768555
0.3915606141090393;-0.3417234420776367;0.47678375244140625
0.2260991334915161;-0.28907012939453125;-0.053562164306640625
-0.11538192629814148;-0.08011770248413086;-0.935370922088623
-0.33340612053871155;0.2623453140258789;-1.3473477363586426
0.009799215942621231;0.3016176223754883;0.0958256721496582
0.4270215630531311;0.0692758560180664;1.6756839752197266
0.7207421660423279;0.0442967414855957;1.712195873260498
0.6724173426628113;0.33745527267456055;0.4462008476257324
0.11447758972644806;0.12049007415771484;-0.01830005645751953
-0.29365384578704834;-0.16286945343017578;0.1636362075805664
-0.20815379917621613;-0.07579708099365234;0.10075902938842773
0.09347134828567505;0.24281978607177734;-0.13594722747802734
0.10182955861091614;0.4804811477661133;-0.14451169967651367
-0.04626050591468811;0.5502824783325195;-0.013187408447265625
0.0022886991500854492;0.5059041976928711;0.3764519691467285
0.056062668561935425;0.4583921432495117;0.668426513671875
0.12384951114654541;0.34013938903808594;0.4850482940673828
-0.10333631932735443;0.29446983337402344;-0.10151386260986328
-0.3906545341014862;0.33465003967285156;-0.598473072052002
-0.5778878927230835;0.285369873046875;-0.6228652000427246
-0.44909900426864624;0.18017578125;-0.28862619400024414
-0.16912557184696198;0.12804222106933594;-0.24195480346679688
0.02757379412651062;0.16798973083496094;-0.4431748390197754
0.05202639102935791;0.23578453063964844;-0.5860543251037598
-0.1062454804778099;0.17904376983642578;-0.3487563133239746
-0.24589696526527405;-0.011160850524902344;0.019020557403564453
-0.008831394836306572;0.06321334838867188;0.1784839630126953
0.3812861144542694;0.2514352798461914;0.37108945846557617
0.6172242760658264;0.2656869888305664;0.48748159408569336
0.4060135781764984;0.3256568908691406;-0.37201595306396484
-0.026844754815101624;0.3533191680908203;-0.6899542808532715
-0.477784126996994;-0.2494964599609375;0.8539490699768066
-0.6878613233566284;-0.6773123741149902;1.5307297706604004
-0.29204002022743225;-0.3239274024963379;-0.1456761360168457
0.25119155645370483;0.4165763854980469;-1.6616597175598145
0.6268208026885986;0.6729269027709961;-1.3538172245025635
0.7109674215316772;0.3279237747192383;0.26723194122314453
1.0637731552124023;0.1951131820678711;1.3880696296691895
1.2130489349365234;0.3471565246582031;1.0572881698608398
0.9240285754203796;0.43079471588134766;-0.08635950088500977
0.8053739070892334;0.45429420471191406;-0.6942901611328125
0.6203182935714722;0.32355213165283203;-0.5550537109375
0.4646548628807068;0.21381664276123047;-0.18232059478759766
0.3990717828273773;0.16835403442382813;-0.11262083053588867
0.5653785467147827;0.2105712890625;-0.20933246612548828
0.7835808396339417;0.3818855285644531;-0.38205909729003906
0.9455927610397339;0.31213855743408203;-0.3107180595397949
0.9777107834815979;0.28371429443359375;-0.3145108222961426
0.8873258829116821;0.2683095932006836;-0.35742950439453125
0.500890851020813;0.21308422088623047;-0.43607330322265625
0.3782663345336914;0.15881061553955078;-0.3904290199279785
0.3212944269180298;0.14368724822998047;-0.24376583099365234
0.329786092042923;0.029079437255859375;-3.266334533691406E-4
0.3034416735172272;0.055586814880371094;-0.060361385345458984
0.38962534070014954;0.07169342041015625;-0.10936260223388672
0.5490522384643555;0.1343212127685547;0.034542083740234375
0.7013099789619446;0.21872806549072266;0.030118942260742188
0.701732873916626;0.2965869903564453;-0.24859619140625
0.5617345571517944;0.2618436813354492;-0.13610029220581055
0.30849164724349976;0.12082099914550781;0.07088804244995117
0.07981881499290466;0.11635875701904297;-0.08527851104736328
0.13905689120292664;0.1703481674194336;0.3754920959472656
0.25827687978744507;0.14393997192382813;0.9103217124938965
0.17111703753471375;0.055970191955566406;0.7892870903015137
-0.07323095202445984;0.0926961898803711;0.40628910064697266
-0.30328911542892456;-0.07164859771728516;0.3313002586364746
-0.6142019033432007;-0.08705520629882813;0.2164158821105957
-0.7153531312942505;0.09499263763427734;-0.0422968864440918
-0.6513739824295044;0.27617931365966797;-0.11754035949707031
-0.617388129234314;0.15949535369873047;0.4165339469909668
-0.3852291703224182;0.049022674560546875;0.8778700828552246
-0.4017144441604614;0.07677459716796875;0.5315732955932617
-0.20892390608787537;0.17145729064941406;0.09992265701293945
0.11949411034584045;0.20545291900634766;0.2288355827331543
0.17336305975914001;0.14132404327392578;0.5578808784484863
0.03385843336582184;0.07014274597167969;0.6242403984069824
-0.3032476305961609;0.15628528594970703;0.3003997802734375
-0.5332596302032471;0.15308761596679688;0.024675846099853516
-0.5629644393920898;0.2645893096923828;-0.0448451042175293
-0.48145049810409546;0.20946025848388672;-0.11881685256958008
-0.4049719572067261;0.17219257354736328;-0.1149134635925293
-0.22004035115242004;0.13803672790527344;-0.23599958419799805
-0.03017740324139595;0.09663105010986328;-0.24178361892700195
0.01936287060379982;0.06595706939697266;-0.061620235443115234
-0.16635346412658691;-0.1097421646118164;0.0693974494934082
-0.2770145535469055;-0.20698165893554688;0.23266029357910156
0.11385756731033325;0.03335762023925781;0.17875242233276367
0.11800912767648697;0.4264497756958008;-0.3176727294921875
-0.04040303826332092;0.5598392486572266;-0.9669814109802246
-0.013750001788139343;0.45556163787841797;-0.3278818130493164
-0.08185936510562897;-0.20794105529785156;1.4962692260742188
-0.365337610244751;-0.4299345016479492;1.485471248626709
-0.2566866874694824;0.013806343078613281;-0.4022660255432129
0.33257102966308594;0.47554969787597656;-1.1478371620178223
0.591355562210083;0.1973896026611328;-0.3826746940612793
0.2961868941783905;-0.06197071075439453;0.06929636001586914
0.20103344321250916;0.16164779663085938;-0.3415989875793457
0.2956286668777466;0.49691200256347656;-0.8017153739929199
0.47725367546081543;0.4724235534667969;-0.3160557746887207
0.7681704759597778;0.3521394729614258;0.43912363052368164
1.0507181882858276;0.4197425842285156;0.5932044982910156
1.050809621810913;0.7322463989257813;-0.09145689010620117
0.9470476508140564;0.8013725280761719;-0.7389736175537109
0.8034650683403015;0.6822309494018555;-0.5969862937927246
0.6847288012504578;0.5219764709472656;-0.18115615844726563
0.5451292395591736;0.31880760192871094;-0.29931020736694336
0.5391510128974915;0.2797737121582031;-0.5393466949462891
0.5499924421310425;0.2337627410888672;-0.5292410850524902
0.6609732508659363;0.23099994659423828;-0.4676194190979004
0.5280541777610779;0.14930057525634766;-0.5104093551635742
0.44605687260627747;0.03266334533691406;-0.41396522521972656
0.5256073474884033;-0.1338787078857422;-0.061261653900146484
0.7234463691711426;-0.25933074951171875;0.11723756790161133
0.826498806476593;-0.18892526626586914;-0.04329347610473633
0.7476637363433838;-0.008732795715332031;-0.3083224296569824
0.6192077398300171;0.28580570220947266;-0.5913519859313965
0.3356228172779083;0.33305835723876953;-0.24312400817871094
0.06891308724880219;0.3358802795410156;-0.033025264739990234
0.09363924711942673;0.5712575912475586;-0.1839604377746582
0.1493704915046692;0.8111772537231445;0.1820998191833496
-0.09630349278450012;0.5370059013366699;0.7489838600158691
-0.2836173176765442;0.106658935546875;1.0343198776245117
-0.3757631182670593;-0.18649864196777344;0.8682827949523926
-0.47678691148757935;-0.2145552635192871;0.3181905746459961
-0.678128719329834;-0.1130833625793457;-0.19485139846801758
-0.8162742853164673;-0.27361297607421875;0.05717897415161133
-0.7299901247024536;-0.23082637786865234;0.34618425369262695
-0.6139800548553467;-0.08227205276489258;0.3845386505126953
-0.43907150626182556;0.08584213256835938;0.5496859550476074
-0.14422202110290527;0.17307043075561523;0.8205575942993164
0.09300006181001663;0.31719493865966797;0.7684650421142578
0.14757803082466125;0.25931501388549805;0.9074692726135254
0.39279842376708984;0.2330021858215332;1.0000863075256348
0.41494715213775635;0.17791080474853516;1.1032185554504395
0.2837742865085602;-0.0671377182006836;1.0623116493225098
0.1911582499742508;-0.09452342987060547;0.6056957244873047
0.09777824580669403;-0.005157947540283203;0.14548397064208984
-0.248549222946167;0.007205963134765625;-0.2919330596923828
-0.31134819984436035;0.09533452987670898;-0.6131224632263184
-0.1426847279071808;0.3481450080871582;-0.6625261306762695
0.21974077820777893;0.3979649543762207;-0.2785167694091797
0.4798530042171478;0.5004901885986328;-0.11505317687988281
0.4036652743816376;0.40386056900024414;-0.16962289810180664
0.03257949277758598;0.0916910171508789;-0.15810489654541016
0.05207914859056473;-0.14309072494506836;0.6440625190734863
-0.17210429906845093;-0.3285808563232422;1.0146493911743164
-0.36133450269699097;-0.26187896728515625;0.06764554977416992
0.1976991891860962;0.24901676177978516;-0.6879510879516602
0.8247630596160889;0.3451366424560547;-0.28002405166625977
0.8496633768081665;0.15207862854003906;0.5099916458129883
0.2950899004936218;0.041291236877441406;0.4090452194213867
-0.006476506590843201;0.14271926879882813;-0.011651039123535156
0.21670374274253845;0.3753786087036133;-0.17930030822753906
0.26095396280288696;0.28375816345214844;-0.06235551834106445
-0.07815614342689514;-0.040256500244140625;-0.014612197875976563
-0.032505422830581665;0.02151966094970703;-0.21079730987548828
0.29696664214134216;0.21124744415283203;-0.2304844856262207
0.5859905481338501;0.2201375961303711;-0.04739236831665039
0.7454947233200073;0.25801849365234375;0.09297895431518555
0.5605368614196777;0.22771167755126953;-0.26859569549560547
0.49914807081222534;0.3098630905151367;-0.4971742630004883
0.5971341133117676;0.41321563720703125;-0.37531614303588867
0.5584381818771362;0.3238210678100586;-0.32514476776123047
0.40108537673950195;0.30439186096191406;-0.395021915435791
0.4440239667892456;0.2849302291870117;-0.2078404426574707
0.2920689582824707;0.1042623519897461;-0.1212306022644043
0.17912977933883667;-0.006470680236816406;-0.09124279022216797
0.26620227098464966;-0.06578445434570313;-0.14641857147216797
0.3223038911819458;-0.10433435440063477;-0.25654172897338867
0.4764088988304138;0.07420635223388672;-0.5461335182189941
0.2993563413619995;-0.06780862808227539;-0.17093610763549805
-0.008583247661590576;-0.1551833152770996;-0.049134254455566406
-0.32304081320762634;-0.0347137451171875;-0.5900101661682129
-0.308733195066452;0.3217935562133789;-0.5461249351501465
0.16002649068832397;0.4185214042663574;0.21003341674804688
0.34593111276626587;0.28212499618530273;0.7470607757568359
0.5174866914749146;-0.011162281036376953;1.2142505645751953
0.3491458296775818;0.0027418136596679688;0.7902364730834961
-0.0809561014175415;-0.10800027847290039;0.27008962631225586
-0.23695406317710876;-0.21712875366210938;-0.044882774353027344
-0.31098711490631104;-0.03928565979003906;-0.13750934600830078
-0.32300302386283875;0.029218673706054688;0.24610328674316406
-0.32775357365608215;-0.020782947540283203;0.9372382164001465
0.11220556497573853;0.041375160217285156;1.114236831665039
0.14820808172225952;0.06582880020141602;1.1464757919311523
-0.11244648694992065;-0.03734636306762695;0.8537836074829102
-0.18355560302734375;0.22617149353027344;0.21752548217773438
-0.032989501953125;0.3192930221557617;0.1840357780456543
0.19644862413406372;0.5695533752441406;0.3907804489135742
0.18849867582321167;0.3993196487426758;0.8434438705444336
-0.0032506585121154785;0.3026442527770996;0.5471210479736328
-0.13281607627868652;0.3925142288208008;-0.12611150741577148
-0.4188520908355713;0.2972860336303711;-0.33083105087280273
-0.6235698461532593;0.045893192291259766;-0.12567710876464844
-0.6492129564285278;-0.03219032287597656;-0.18430519104003906
-0.6227912306785583;-0.17696046829223633;-0.17116594314575195
-0.6857391595840454;-0.2044382095336914;-0.2138996124267578
-0.4777378737926483;0.06846094131469727;-0.07868671417236328
-0.047035813331604004;0.16069889068603516;0.3874797821044922
0.20927071571350098;0.21274995803833008;0.5389480590820313
0.1339186429977417;0.10849857330322266;0.37026071548461914
-0.04976224899291992;0.08783721923828125;0.07555150985717773
-0.4754906892776489;0.12294864654541016;-0.9244132041931152
-0.4513346552848816;0.01656818389892578;0.19256830215454102
-0.09262192249298096;-0.44390439987182617;2.1715521812438965
-0.07905840873718262;-0.511354923248291;1.2702674865722656
-0.2458626627922058;-0.10282373428344727;-0.7805285453796387
0.2638799548149109;0.24323081970214844;-1.1727800369262695
0.880408763885498;0.39273881912231445;-0.5648465156555176
0.7752436399459839;0.398709774017334;-0.44022607803344727
0.6547318696975708;0.600212574005127;-0.29245710372924805
0.7384506464004517;0.6514201164245605;0.21163606643676758
0.6746252775192261;0.5585417747497559;0.5984897613525391
0.29080891609191895;0.568453311920166;0.1485147476196289
0.027217626571655273;0.5962214469909668;-0.5379805564880371
-0.08252060413360596;0.6692957878112793;-0.8221254348754883
0.23907077312469482;0.7950849533081055;-0.15559911727905273
0.2806128263473511;0.7352743148803711;0.13869714736938477
0.21881401538848877;0.6894345283508301;0.0032978057861328125
0.45423829555511475;0.6543445587158203;-0.06076383590698242
0.5909155607223511;0.714411735534668;-0.20305109024047852
0.5602518320083618;0.6247701644897461;-0.3705596923828125
0.44085025787353516;0.5458736419677734;-0.564814567565918
0.340640664100647;0.42694616317749023;-0.5979056358337402
0.4266780614852905;0.3728451728820801;-0.3289308547973633
0.45132529735565186;0.3203463554382324;-0.17841625213623047
0.4404475688934326;0.22306203842163086;-0.3377413749694824
0.41242051124572754;0.1372365951538086;-0.45836353302001953
0.40869033336639404;0.21260738372802734;-0.4149141311645508
0.18821799755096436;-0.009982109069824219;-0.1752786636352539
0.0581972599029541;-0.06628131866455078;-0.23534488677978516
0.011965155601501465;-0.059212684631347656;-0.28462886810302734
0.03670060634613037;0.0670156478881836;-0.11676883697509766
-0.08981835842132568;0.08952903747558594;-0.07405614852905273
-0.5732189416885376;0.13123798370361328;-0.6621627807617188
-0.644206702709198;0.18468856811523438;-0.5706472396850586
0.2768712043762207;0.30019569396972656;0.7137422561645508
0.8121981620788574;0.26552772521972656;1.2291784286499023
0.43151164054870605;0.015516281127929688;0.7335166931152344
-0.14217066764831543;-0.17108869552612305;0.1821427345275879
-0.2917822599411011;-0.23873519897460938;0.04127073287963867
0.006169795989990234;-0.033222198486328125;6.952285766601563E-4
-0.001600503921508789;-0.009923934936523438;0.12073040008544922
-0.1323484182357788;0.010031700134277344;0.17697381973266602
-0.09076154232025146;0.1634988784790039;0.009406089782714844
-0.031481146812438965;0.09319210052490234;0.3527975082397461
0.1746656894683838;0.12497711181640625;0.6324758529663086
0.17220866680145264;0.13985061645507813;0.5008482933044434
0.07699453830718994;0.1670703887939453;0.18850135803222656
-0.031060099601745605;0.20137310028076172;0.014297008514404297
-0.023975610733032227;0.24336910247802734;-0.013684749603271484
-0.10789728164672852;0.21574974060058594;-0.03760480880737305
-0.16662800312042236;0.25223827362060547;8.234977722167969E-4
-0.21655046939849854;0.21907424926757813;0.22824430465698242
0.0018197298049926758;0.2715301513671875;0.24363470077514648
-0.08212554454803467;0.15123462677001953;0.34107208251953125
-0.21575415134429932;0.09422492980957031;0.15529632568359375
-0.2692177891731262;0.1115865707397461;0.0598607063293457
-0.24578160047531128;0.03839874267578125;0.1728525161743164
-0.2583191394805908;0.0569610595703125;0.0646352767944336
-0.186176598072052;0.10749435424804688;0.08754396438598633
-0.03566259145736694;0.12150859832763672;0.3066139221191406
-0.028694331645965576;0.11982917785644531;0.3865189552307129
-0.0966724157333374;0.16257190704345703;0.18836736679077148
-0.051110148429870605;0.30153942108154297;-0.10508060455322266
-0.2539134621620178;0.18685436248779297;-0.07409429550170898
-0.34785348176956177;0.1552734375;0.2276911735534668
-0.3136889338493347;0.07935047149658203;0.977719783782959
-0.48775044083595276;0.012136459350585938;1.2080721855163574
-0.4904502034187317;-0.004172325134277344;0.5243010520935059
-0.05799812078475952;0.18114757537841797;-0.34100770950317383
0.702449381351471;0.36456871032714844;-0.5213584899902344
1.0720760822296143;0.24327945709228516;-0.17098093032836914
0.87694251537323;0.046044349670410156;-0.1319122314453125
0.40428924560546875;0.011437416076660156;-0.7383146286010742
0.10046428442001343;-0.0048046112060546875;-0.9620227813720703
0.2510298490524292;0.033211708068847656;-0.5615639686584473
0.2617058753967285;0.3015251159667969;-0.31617164611816406
0.2703341245651245;0.2541513442993164;0.2881789207458496
0.06475794315338135;0.342437744140625;0.051038265228271484
0.07323282957077026;0.4850578308105469;-0.02996349334716797
0.29296940565109253;0.6131954193115234;-0.07922172546386719
0.310660719871521;0.6604366302490234;-0.19022798538208008
0.25324058532714844;0.6689186096191406;-0.3305821418762207
0.4737178087234497;0.6667499542236328;-0.3625631332397461
0.28036928176879883;0.6304244995117188;-0.7326688766479492
0.2823171615600586;0.7129583358764648;-0.7760009765625
0.28524231910705566;0.6867961883544922;-0.49013185501098633
0.14108431339263916;0.5313558578491211;-0.4349327087402344
0.011141777038574219;0.3654356002807617;-0.48542022705078125
-0.07789111137390137;0.28865718841552734;-0.7277874946594238
-0.059819579124450684;0.2206592559814453;-0.6469578742980957
-0.05097019672393799;0.07607841491699219;-0.20985984802246094
-0.467815101146698;-0.08716106414794922;-0.5936832427978516
-0.49844658374786377;-0.12797927856445313;-0.9370274543762207
0.2900577783584595;0.1240835189819336;-0.18795061111450195
1.08407461643219;0.026575088500976563;0.9969744682312012
0.7158079147338867;-0.18871402740478516;0.4992947578430176
-0.1567530632019043;-0.3372621536254883;-0.735379695892334
0.008333325386047363;-0.2433605194091797;-0.37665748596191406
0.12251102924346924;-0.33926963806152344;0.5310029983520508
-0.2870655655860901;-0.38828420639038086;0.48630332946777344
-0.47900474071502686;-0.24445533752441406;-0.22069740295410156
-0.538712203502655;-0.015899658203125;-0.38016843795776367
-0.36606478691101074;0.039089202880859375;0.08509540557861328
-0.21359944343566895;0.16537761688232422;0.39763832092285156
-0.01497340202331543;0.2719850540161133;0.48766088485717773
0.02376091480255127;0.35034656524658203;0.4486560821533203
0.051767587661743164;0.43417835235595703;0.5592660903930664
0.06296968460083008;0.4184751510620117;0.7314906120300293
0.00963282585144043;0.35896778106689453;0.782717227935791
0.02181220054626465;0.3732872009277344;0.575556755065918
-0.009816408157348633;0.4477729797363281;0.1945328712463379
-0.27281177043914795;0.38580322265625;-0.20395803451538086
-0.4750630259513855;0.3971233367919922;-0.41913843154907227
-0.5568181276321411;0.40715503692626953;-0.37453699111938477
-0.6142040491104126;0.26517391204833984;0.03641700744628906
-0.7222394943237305;0.20044422149658203;0.2510714530944824
-0.6166999340057373;0.21189308166503906;0.1770615577697754
-0.38561755418777466;0.34830188751220703;0.007903099060058594
-0.3570178747177124;0.3566007614135742;-0.0890665054321289
-0.31883561611175537;0.37944889068603516;-0.08547592163085938
-0.17760741710662842;0.3351478576660156;-0.06784200668334961
-0.31647855043411255;0.20739078521728516;-0.21682453155517578
-0.2462480068206787;0.15652847290039063;-0.2463512420654297
-0.4548391103744507;0.08780574798583984;-0.7530994415283203
-0.6792449951171875;0.05427074432373047;-0.8667330741882324
-0.28992295265197754;0.058274269104003906;0.3919534683227539
-0.05872023105621338;-0.06838798522949219;1.367788314819336
-0.7979264259338379;-0.1797351837158203;0.3938102722167969
-1.118966817855835;-0.03815746307373047;-0.9150981903076172
-0.42569470405578613;0.12222766876220703;-0.5561838150024414
0.2396945357322693;0.2738380432128906;-0.030658245086669922
0.37173372507095337;0.3664970397949219;-0.013657569885253906
0.22635924816131592;0.46665477752685547;-0.12401485443115234
0.4240502715110779;0.6320810317993164;0.1418743133544922
0.5884347558021545;0.6406669616699219;0.5645737648010254
0.3998769521713257;0.4877586364746094;0.6995930671691895
0.25265800952911377;0.4156684875488281;0.2206592559814453
0.394981324672699;0.6660480499267578;-0.42026376724243164
0.4157599210739136;0.707916259765625;-0.5159821510314941
0.3051619529724121;0.6039333343505859;-0.14872121810913086
0.1615278720855713;0.41919517517089844;-0.0489959716796875
0.00845479965209961;0.39995288848876953;-0.3705320358276367
0.09532618522644043;0.39964771270751953;-0.3162531852722168
0.3638375401496887;0.4729433059692383;-0.1433424949645996
0.36204349994659424;0.38688087463378906;-0.18862390518188477
0.25265049934387207;0.2775278091430664;-0.34982967376708984
0.20077455043792725;0.12475967407226563;-0.4052290916442871
0.3660427927970886;0.06714725494384766;-0.34409427642822266
0.31573885679244995;0.005684852600097656;-0.44832420349121094
0.06870293617248535;-0.15027999877929688;-0.4943089485168457
0.14509063959121704;-0.1678600311279297;-0.3052496910095215
-0.014596700668334961;-0.21464061737060547;-0.41704797744750977
-0.3161711096763611;-0.26416969299316406;-0.5352606773376465
-0.20777356624603271;-0.28918933868408203;0.14770841598510742
-0.26881343126296997;-0.3114891052246094;0.07204246520996094
-0.281693696975708;-0.15955448150634766;-0.12639951705932617
0.2608616352081299;0.08191394805908203;0.3342857360839844
0.5259060263633728;0.1662273406982422;0.7930302619934082
0.2991928458213806;0.058094024658203125;0.7821459770202637
0.14820051193237305;-0.09358024597167969;0.5110211372375488
-0.1537795066833496;-0.16316699981689453;0.10821723937988281
-0.41810643672943115;-0.27500438690185547;0.08040904998779297
-0.33934563398361206;-0.2408008575439453;0.5350675582885742
-0.32950490713119507;-0.17447853088378906;0.700899600982666
-0.35443979501724243;-0.11669158935546875;0.43550729751586914
-0.427825927734375;-0.07144832611083984;0.2578544616699219
-0.15227961540222168;0.0032587051391601563;0.3998246192932129
-0.03805387020111084;-0.05805492401123047;0.4730663299560547
-0.17046064138412476;-0.10650634765625;0.582888126373291
-0.06108105182647705;-0.06566619873046875;0.805448055267334
0.2663230895996094;0.15286922454833984;0.9692697525024414
0.1851016879081726;0.20545482635498047;1.1136369705200195
-0.05967533588409424;0.1544971466064453;0.9885063171386719
-0.17790013551712036;0.2349252700805664;0.6571722030639648
-0.20255523920059204;0.2920694351196289;0.5036354064941406
-0.2360924482345581;0.3219566345214844;0.5535378456115723
-0.08639788627624512;0.40221500396728516;0.6578946113586426
-0.007424592971801758;0.4591026306152344;0.5169625282287598
0.17728519439697266;0.4862089157104492;0.47913265228271484
0.29194730520248413;0.5100688934326172;0.4252309799194336
0.48694825172424316;0.5502557754516602;0.12190532684326172
0.33558422327041626;0.45557212829589844;-0.6958160400390625
-0.016406655311584473;0.27171802520751953;-1.1621198654174805
0.2416509985923767;0.02296161651611328;0.6853742599487305
-0.21003714203834534;-0.18679428100585938;1.0910630226135254
-0.804639995098114;-0.34453630447387695;-0.44617176055908203
-0.6007903218269348;0.083404541015625;-1.3527450561523438
0.45665162801742554;0.2901325225830078;-0.4083881378173828
0.9214900732040405;0.26164817810058594;0.6024127006530762
1.0936784744262695;0.4273195266723633;0.5414266586303711
0.8331112265586853;0.4674339294433594;0.12303590774536133
0.6492255926132202;0.27649974822998047;0.12516355514526367
0.5196762084960938;0.19146060943603516;0.2651252746582031
0.3366182744503021;0.04726696014404297;0.23286819458007813
0.12331278622150421;0.008115768432617188;-0.0934743881225586
0.14830870926380157;0.13014888763427734;-0.3054227828979492
0.2764648199081421;0.1564788818359375;-0.41048526763916016
0.4088026285171509;0.24823379516601563;-0.3172307014465332
0.7462897300720215;0.2800254821777344;-0.07502460479736328
0.6659584045410156;0.4283761978149414;-0.24499082565307617
0.6595476269721985;0.5005998611450195;-0.5004992485046387
0.463735431432724;0.3838624954223633;-0.2062697410583496
0.43014758825302124;0.3744983673095703;-0.26863622665405273
0.42125996947288513;0.32826805114746094;-0.14181232452392578
0.4313333034515381;0.12880992889404297;0.0825800895690918
0.30941784381866455;0.10252761840820313;-0.09092235565185547
0.20156097412109375;0.02621746063232422;-0.36666345596313477
0.1831856518983841;0.0150604248046875;-0.2650585174560547
0.23541150987148285;0.0657949447631836;0.048758506774902344
-0.03712473809719086;-0.2661418914794922;0.10958671569824219
-0.2282540500164032;-0.2697725296020508;0.0606842041015625
-0.12567688524723053;-0.21615886688232422;-0.14873600006103516
-0.20648178458213806;0.06073188781738281;-0.4495878219604492
0.08827567100524902;0.17983150482177734;0.108978271484375
0.4193260669708252;0.20750045776367188;0.7322225570678711
0.6645806431770325;0.05205726623535156;1.0044617652893066
0.526081383228302;-0.15955448150634766;0.8568997383117676
0.45593175292015076;-0.034775733947753906;0.5509028434753418
0.1382855921983719;-0.16674041748046875;0.4516134262084961
0.07176293432712555;-0.20567035675048828;0.38341283798217773
-0.04441167414188385;-0.1868419647216797;0.044150352478027344
-0.0765036791563034;-0.16257572174072266;-0.08370447158813477
-0.04247778654098511;-0.21785640716552734;0.2181248664855957
0.008655592799186707;-0.19014930725097656;0.5046062469482422
0.13955461978912354;-0.05727386474609375;0.47173213958740234
0.5487415194511414;0.23479461669921875;0.6348085403442383
1.0398715734481812;0.2586812973022461;1.3170723915100098
0.8711655735969543;-0.032418251037597656;1.5564050674438477
-0.01846066117286682;-0.13892650604248047;0.8599791526794434
-0.5653267502784729;-0.15584945678710938;-0.12050580978393555
-0.7187389135360718;-0.0757303237915039;-0.604149341583252
-0.7074053287506104;-0.04388713836669922;-0.6077547073364258
-0.4214361906051636;0.14400100708007813;-0.5102376937866211
-0.0589364692568779;0.2015371322631836;0.06213855743408203
0.10566753149032593;0.0634307861328125;0.4457721710205078
0.19999679923057556;-0.09485721588134766;0.4766201972961426
0.10011924803256989;-0.24042034149169922;0.24914836883544922
-0.04968786984682083;-0.26932621002197266;-0.0329890251159668
-0.19546353816986084;-0.25124073028564453;-0.6551570892333984
-0.1280956268310547;-0.2315196990966797;0.03311300277709961
0.14266397058963776;-0.5407228469848633;1.6090312004089355
0.04433686286211014;-0.35767221450805664;0.8408660888671875
0.2072024941444397;0.0471649169921875;-0.557884693145752
0.5635290741920471;0.056491851806640625;-0.6986503601074219
0.9809414148330688;0.1091909408569336;-0.17331552505493164
0.9774430990219116;-0.009547233581542969;0.09855794906616211
0.9759114980697632;0.10299110412597656;0.22341537475585938
0.974708080291748;0.23202133178710938;0.5797195434570313
0.9945597648620605;0.20627784729003906;0.7095580101013184
1.2331424951553345;0.3970489501953125;0.49065065383911133
1.2931036949157715;0.5025014877319336;0.2356104850769043
1.0823091268539429;0.43471240997314453;0.2243342399597168
0.8521879315376282;0.3570280075073242;0.15225744247436523
0.7716579437255859;0.5407686233520508;-0.2792778015136719
0.7324211001396179;0.6569490432739258;-0.6451101303100586
0.701215386390686;0.5813541412353516;-0.34205150604248047
0.5013558268547058;0.36864280700683594;0.09650802612304688
0.4557499885559082;0.13068485260009766;0.30464982986450195
0.5139144659042358;0.1509723663330078;-0.019243240356445313
0.44109416007995605;0.036025047302246094;-0.14669466018676758
0.2295580357313156;-0.14056873321533203;0.01846599578857422
0.37163448333740234;-0.1807575225830078;0.2095346450805664
0.28539910912513733;-0.31961822509765625;0.20601987838745117
0.12306524813175201;-0.36243534088134766;0.32840919494628906
-0.01109430193901062;-0.4452223777770996;0.45442914962768555
-0.07398384809494019;-0.3385200500488281;0.23150157928466797
-0.3681146204471588;-0.3812675476074219;-0.14368915557861328
-0.14075952768325806;-0.2610054016113281;0.5011930465698242
0.22231027483940125;-0.2607278823852539;1.185610294342041
0.49829187989234924;-0.2561073303222656;1.3121275901794434
0.5714311003684998;-0.09017181396484375;1.1064882278442383
0.15721826255321503;-0.2753462791442871;1.1155328750610352
-0.8480961918830872;0.14118003845214844;1.511624813079834
0.27115529775619507;-0.8144435882568359;0.4050559997558594
-0.08797173202037811;-0.0024824142456054688;0.2405080795288086
-0.40626874566078186;0.4877595901489258;0.44195556640625
0.258384108543396;-0.5559229850769043;0.6530265808105469
0.3502013683319092;0.015287399291992188;1.1443209648132324
0.4146539568901062;0.2483501434326172;1.516364574432373
0.33407384157180786;0.035147666931152344;1.7980642318725586
0.22055268287658691;-0.05787181854248047;1.5536508560180664
0.012804239988327026;0.09401893615722656;0.9822535514831543
-0.2939595878124237;0.2915163040161133;0.31973934173583984
-0.38691169023513794;0.6080703735351563;0.30014801025390625
-0.21510785818099976;0.4525432586669922;0.6422533988952637
0.07423283159732819;0.37703800201416016;1.0319013595581055
0.1888771504163742;0.2026205062866211;1.0197868347167969
0.1571720838546753;0.12792396545410156;0.6674652099609375
-0.2977469861507416;-0.2472825050354004;0.1986989974975586
-0.5862877368927002;-0.4764871597290039;-0.00942850112915039
-0.27866992354393005;-0.7519969940185547;0.3971219062805176
-0.07591447234153748;-0.7740082740783691;0.7325592041015625
0.2666779160499573;-0.8568706512451172;0.8504390716552734
0.5121113061904907;-0.7131714820861816;0.638674259185791
0.3025625944137573;-0.7663359642028809;1.3982043266296387
-0.04944032430648804;-0.9026932716369629;1.4935612678527832
0.2312321960926056;-0.46514892578125;0.0512237548828125
0.7887646555900574;0.03820610046386719;-0.5242576599121094
1.5096262693405151;0.084381103515625;0.7548470497131348
1.4627761840820313;-0.203125;1.4574971199035645
0.770618736743927;0.28328800201416016;0.09566259384155273
0.7177128195762634;0.6455354690551758;-0.061763763427734375
1.088705062866211;0.28170013427734375;1.1592812538146973
1.0564146041870117;-0.08276081085205078;1.9557075500488281
0.8901301026344299;-0.1830911636352539;1.8061509132385254
0.6608873605728149;-0.20459938049316406;0.9977192878723145
0.4819982349872589;-0.21831035614013672;0.3108043670654297
0.6398217678070068;-0.1611785888671875;0.1239781379699707
0.9857275485992432;-0.3763723373413086;0.6071028709411621
1.2403160333633423;-0.556490421295166;1.0131902694702148
1.2426762580871582;-0.5854902267456055;0.7698321342468262
1.137176513671875;-0.5077910423278809;0.5372858047485352
0.9750894904136658;-0.6666617393493652;0.849736213684082
0.6678831577301025;-0.8189907073974609;1.1136622428894043
0.6432908773422241;-0.8207645416259766;1.1692090034484863
0.46879273653030396;-0.7927980422973633;0.7939968109130859
0.27770549058914185;-0.7304468154907227;0.32921457290649414
0.685858428478241;-0.6650795936584473;1.112600326538086
1.1095116138458252;-0.7430391311645508;1.882941722869873
1.2164753675460815;-0.8368430137634277;2.3218307495117188
0.8343805074691772;-0.9401278495788574;1.820359230041504
0.3929378390312195;-0.9692649841308594;1.5478434562683105
0.028301656246185303;-0.931941032409668;1.4989023208618164
-0.19139060378074646;-0.7824950218200684;1.480135440826416
-0.04129031300544739;-0.5968899726867676;1.615987777709961
0.3263932466506958;-0.30300426483154297;1.7886462211608887
0.4113008677959442;-0.280914306640625;1.9730854034423828
0.4662792682647705;-0.3405885696411133;2.239248752593994
0.43312662839889526;-0.42493152618408203;2.3412041664123535
-0.044848889112472534;-0.413238525390625;1.5238914489746094
-0.3049643635749817;-0.22477436065673828;0.8521208763122559
-0.24153760075569153;-0.28810930252075195;0.9167652130126953
0.09004385769367218;-0.26396989822387695;1.3050651550292969
0.3304492235183716;-0.39448118209838867;1.5513949394226074
0.35107874870300293;-0.7127261161804199;1.4405369758605957
0.4502928853034973;-0.8020553588867188;0.9853305816650391
0.601392388343811;-0.6223001480102539;0.38913965225219727
0.7391328811645508;-0.5525984764099121;0.48380470275878906
0.47572600841522217;-0.8245644569396973;0.9838428497314453
0.08435177803039551;-0.8758764266967773;1.4775123596191406
0.023788005113601685;-1.1393013000488281;2.482067108154297
0.8174272775650024;-1.1249809265136719;2.117338180541992
1.5966765880584717;-0.4851360321044922;0.4824085235595703
1.1799670457839966;-0.25252819061279297;0.5419197082519531
0.6810168027877808;-0.8021011352539063;1.5240435600280762
0.7534691691398621;-0.6989483833312988;1.6330246925354004
0.9464155435562134;-0.4045228958129883;1.0687446594238281
1.333648443222046;-0.07823371887207031;0.7650279998779297
1.2786366939544678;-0.010515213012695313;0.6091513633728027
0.947481632232666;-0.048180580139160156;1.0763216018676758
0.5334597826004028;-0.3320784568786621;1.3726000785827637
0.440997838973999;-0.2961106300354004;1.1792192459106445
0.5901844501495361;-0.25338029861450195;1.029031753540039
0.7274308204650879;-0.2344818115234375;1.1711382865905762
0.9271733164787292;-0.4021320343017578;1.6502890586853027
0.8703762292861938;-0.5944218635559082;1.961728572845459
0.6506558656692505;-0.7418918609619141;1.6891403198242188
0.5426797866821289;-0.8604183197021484;1.3897194862365723
0.3286231756210327;-0.927152156829834;1.145233154296875
0.144818514585495;-1.07859468460083;1.3193650245666504
0.027720659971237183;-1.1404995918273926;1.7556157112121582
-0.12157177925109863;-1.3346881866455078;1.7623767852783203
-0.11616262793540955;-1.11250638961792;0.9134202003479004
0.06502749025821686;-0.6936435699462891;1.1246910095214844
0.6322659254074097;-0.7854256629943848;2.7723212242126465
0.6211462616920471;-1.0779080390930176;3.5040435791015625
0.18820640444755554;-1.207629680633545;2.767580032348633
-0.06380845606327057;-1.0805091857910156;2.034724235534668
0.15364304184913635;-1.0641918182373047;2.314586639404297
0.3386538624763489;-1.0600605010986328;2.736600399017334
0.5332286357879639;-1.0136356353759766;2.5440874099731445
0.6948436498641968;-0.8732466697692871;2.113278388977051
0.5718716382980347;-0.8441872596740723;1.8402862548828125
0.4637637734413147;-0.8267025947570801;1.5979528427124023
0.3114262521266937;-0.7302179336547852;1.203505039215088
0.1378287971019745;-0.6132855415344238;0.8684005737304688
-0.012886092066764832;-0.46314096450805664;0.7614336013793945
0.20574089884757996;-0.3444676399230957;1.0575971603393555
0.43593233823776245;-0.342867374420166;1.3970947265625
0.6344441771507263;-0.25716638565063477;1.2909965515136719
0.7366872429847717;-0.08524322509765625;0.8097329139709473
0.4145607650279999;-0.24485492706298828;1.2178072929382324
-0.14570465683937073;-0.8704972267150879;1.9505195617675781
-0.2554819583892822;-1.1079139709472656;1.947129726409912
0.534168541431427;-0.8470373153686523;1.664806842803955
1.3121552467346191;-0.510251522064209;1.2489113807678223
1.5637290477752686;-0.6520328521728516;1.2329211235046387
1.365607738494873;-0.8918957710266113;1.5374970436096191
0.772181510925293;-1.0134930610656738;1.0510802268981934
0.8341492414474487;-0.6211771965026855;0.3923778533935547
1.2133851051330566;-0.2634429931640625;0.5252456665039063
1.1661372184753418;-0.33101367950439453;1.43560791015625
0.9093910455703735;-0.6879706382751465;2.0354208946228027
0.7541717886924744;-0.8053913116455078;1.8979806900024414
0.7856407165527344;-0.841731071472168;1.6735506057739258
1.0628747940063477;-0.8356838226318359;1.537386417388916
1.1522235870361328;-0.7984733581542969;1.3375215530395508
0.9312807321548462;-0.9403915405273438;1.2773733139038086
1.0013158321380615;-0.9377756118774414;1.3695125579833984
0.962952733039856;-0.804628849029541;1.5785202980041504
0.22590574622154236;-0.9306216239929199;1.4226117134094238
-0.2585223615169525;-0.9737024307250977;0.9881610870361328
-0.4907894432544708;-0.8325915336608887;0.8701028823852539
-0.30101680755615234;-0.7508697509765625;1.735015869140625
0.278854638338089;-0.6110262870788574;2.588331699371338
0.866938054561615;-0.5124573707580566;2.769463062286377
1.1995359659194946;-0.5295553207397461;2.8745269775390625
0.8713061809539795;-0.6193313598632813;2.611684799194336
0.11005350947380066;-0.7467312812805176;1.5314388275146484
-0.3462868332862854;-0.6667876243591309;1.2604331970214844
-0.5062377452850342;-0.890202522277832;2.1560721397399902
-0.6039923429489136;-0.9652833938598633;2.4486608505249023
-0.6305243372917175;-0.9352240562438965;2.2391357421875
-0.3325982689857483;-0.769524097442627;2.315855026245117
-0.05473405122756958;-0.8225216865539551;2.6317338943481445
0.06819820404052734;-0.9515032768249512;2.5358519554138184
0.0040898919105529785;-0.7949037551879883;1.739555835723877
-0.15563303232192993;-0.5958151817321777;0.9213571548461914
0.24964722990989685;-0.4806332588195801;1.1757588386535645
0.7196037173271179;-0.6177163124084473;1.9651336669921875
0.88581782579422;-0.7304000854492188;2.2653427124023438
0.6335998773574829;-0.6794919967651367;1.8772592544555664
0.5902405381202698;-0.5942578315734863;1.3993988037109375
0.017871737480163574;-0.4247612953186035;1.2135653495788574
-0.8963952660560608;-0.5984201431274414;1.4060397148132324
-1.1746952533721924;-0.810326099395752;1.9955291748046875
-0.20400512218475342;-0.9182963371276855;2.468709945678711
1.3455874919891357;-0.32689762115478516;1.808891773223877
2.162360429763794;0.14927387237548828;1.2338147163391113
1.1931439638137817;-0.21687030792236328;1.9216060638427734
0.23517447710037231;-0.7751345634460449;1.805685043334961
0.3998754918575287;-0.3343172073364258;0.6758570671081543
1.2402397394180298;0.1160268783569336;0.7306280136108398
1.7205466032028198;0.05224609375;1.699568748474121
1.4918016195297241;-0.3890533447265625;2.1550135612487793
1.2180392742156982;-0.6142458915710449;1.9902019500732422
1.2471634149551392;-0.6360702514648438;1.5294809341430664
1.2689692974090576;-0.7314739227294922;1.2114849090576172
1.213186264038086;-0.9851775169372559;1.3110785484313965
1.2105802297592163;-1.2234711647033691;1.524545669555664
1.1588470935821533;-1.3233642578125;1.6255335807800293
0.9856751561164856;-1.4366564750671387;1.4685306549072266
0.8123623728752136;-1.4276208877563477;1.534440040588379
0.7823188304901123;-1.600205898284912;2.124894142150879
0.8374854326248169;-1.6317591667175293;2.4626731872558594
0.7848738431930542;-1.5934925079345703;2.2181053161621094
1.0627663135528564;-1.4328937530517578;2.123478412628174
1.586824893951416;-1.2890353202819824;2.714916229248047
1.7329254150390625;-1.4162564277648926;3.4635396003723145
1.6927502155303955;-1.418407917022705;3.3489699363708496
1.7466952800750732;-1.185715675354004;2.831186294555664
1.4728163480758667;-0.949284553527832;2.217209815979004
1.0200979709625244;-0.7733974456787109;2.016800880432129
0.8389803171157837;-0.591949462890625;1.9947481155395508
0.8289592862129211;-0.3471031188964844;1.8380165100097656
0.7592179775238037;-0.19970417022705078;1.8963112831115723
0.48406100273132324;-0.16575908660888672;1.9110031127929688
0.15061698853969574;-0.2834596633911133;1.981412410736084
-0.030089139938354492;-0.43050193786621094;2.1284704208374023
0.08390578627586365;-0.43175601959228516;2.1387619972229004
0.279859721660614;-0.4848194122314453;2.034114360809326
0.42486676573753357;-0.6072735786437988;1.9658284187316895
0.48581457138061523;-0.7045087814331055;1.6326947212219238
0.43741732835769653;-0.6569509506225586;1.36472749710083
0.36226269602775574;-0.7640080451965332;1.360239028930664
0.5032973289489746;-0.6995372772216797;1.507155418395996
0.710835337638855;-0.6129035949707031;1.0465826988220215
0.4059644937515259;-0.26807212829589844;-0.17575454711914063
-0.19727087020874023;-0.5346956253051758;1.3260326385498047
-0.31079500913619995;-1.4422712326049805;3.4798974990844727
0.8873822689056396;-1.3197574615478516;2.1120290756225586
1.9236209392547607;-0.3084869384765625;-0.24550437927246094
1.8479907512664795;-0.04794120788574219;0.45252132415771484
1.2511491775512695;-1.1202025413513184;2.224393367767334
0.7757160663604736;-1.2461419105529785;2.0402960777282715
1.0548051595687866;-0.4357023239135742;0.913886547088623
1.3032631874084473;-0.1470966339111328;1.123143196105957
1.1450337171554565;-0.4894390106201172;2.0287599563598633
1.1091887950897217;-0.7340526580810547;2.498208522796631
1.2813518047332764;-0.5802860260009766;2.1687254905700684
1.4393553733825684;-0.42798519134521484;1.7222180366516113
1.2794994115829468;-0.5468883514404297;1.6199073791503906
1.3053452968597412;-0.7304773330688477;1.4993252754211426
1.50468909740448;-0.7253127098083496;1.3575444221496582
1.5119916200637817;-0.7342514991760254;1.2921509742736816
1.559078335762024;-0.7692728042602539;1.372344970703125
1.3886834383010864;-0.8970084190368652;1.4580917358398438
0.9538593292236328;-0.9500699043273926;1.5352835655212402
0.6912134885787964;-1.018691062927246;1.6114377975463867
0.43093499541282654;-1.0262479782104492;1.5465893745422363
0.12242284417152405;-1.006850242614746;1.3359460830688477
-0.1543140709400177;-0.9921407699584961;1.040116310119629
0.015371173620223999;-0.7149276733398438;0.5811629295349121
0.46595776081085205;-0.6632499694824219;1.6899237632751465
0.970912754535675;-0.8680047988891602;2.77738618850708
1.241182804107666;-0.8564095497131348;2.6225619316101074
0.779554009437561;-0.7981696128845215;1.9334607124328613
0.4633060693740845;-0.8810238838195801;1.898946762084961
0.4616837501525879;-0.716425895690918;1.923229694366455
0.5384376049041748;-0.536165714263916;1.887728214263916
0.724381685256958;-0.32825136184692383;1.8506898880004883
0.5883475542068481;-0.27870702743530273;1.626389503479004
0.29326575994491577;-0.23662662506103516;1.3455839157104492
0.18839812278747559;-0.10580921173095703;1.2547826766967773
0.23919570446014404;0.10030364990234375;1.0991911888122559
0.12761718034744263;0.09973716735839844;0.9002842903137207
-0.10501721501350403;0.04628562927246094;0.7921395301818848
-0.33906129002571106;-0.22851276397705078;1.0668182373046875
-0.5798732042312622;-0.5080423355102539;1.236107349395752
-0.20993918180465698;-0.37319469451904297;0.9238781929016113
0.11948710680007935;-0.11925792694091797;0.31263113021850586
0.034101009368896484;0.09734630584716797;-0.5674042701721191
0.11180353164672852;0.4396944046020508;-1.0372052192687988
0.45264607667922974;0.4377107620239258;-0.11081600189208984
0.24143093824386597;0.0034685134887695313;0.6896977424621582
-0.29664283990859985;-0.3436698913574219;0.7127079963684082
-0.4449664354324341;-0.7083945274353027;0.9285888671875
0.02169513702392578;-0.7415342330932617;0.6809792518615723
0.6337199807167053;-0.4681577682495117;0.19736289978027344
0.8077741265296936;-0.33797168731689453;0.30072021484375
0.6263444423675537;-0.4601883888244629;0.9196105003356934
0.4946078062057495;-0.3313746452331543;0.6507692337036133
0.5956768989562988;-0.02762603759765625;-0.07069206237792969
0.6607649326324463;0.044272422790527344;0.03590250015258789
0.5832865238189697;-0.09562301635742188;0.582313060760498
0.32996612787246704;-0.257387638092041;1.0003514289855957
0.1828519105911255;-0.34632253646850586;1.1097369194030762
0.46966683864593506;-0.3049936294555664;1.197157859802246
0.9460349082946777;-0.2197413444519043;1.0275464057922363
1.086514949798584;-0.12498998641967773;0.5659928321838379
1.0836313962936401;-0.264035701751709;0.3174281120300293
1.252126932144165;-0.11336898803710938;0.14190244674682617
1.2009152173995972;-0.08522796630859375;-0.020366191864013672
0.9773136377334595;0.08034992218017578;-0.1518864631652832
0.6312614679336548;-0.03936290740966797;0.18692731857299805
0.21180593967437744;-0.3083219528198242;0.7989296913146973
0.06480896472930908;-0.48331642150878906;1.1828484535217285
-0.08263421058654785;-0.4719815254211426;1.2160639762878418
-0.3010407090187073;-0.3372931480407715;0.7836132049560547
-0.6729960441589355;-0.1738905906677246;0.25287675857543945
-0.8024488687515259;0.12188196182250977;-0.15107107162475586
-0.35820525884628296;0.34432125091552734;0.5359163284301758
0.14195668697357178;0.24211788177490234;1.7562494277954102
0.07661092281341553;-0.13592147827148438;2.0312204360961914
-0.33923661708831787;-0.2382183074951172;1.1058392524719238
-0.50457364320755;-0.27660655975341797;0.533419132232666
-0.3917512893676758;-0.41385555267333984;1.1306090354919434
-0.45620059967041016;-0.47308826446533203;1.3819031715393066
-0.23302286863327026;-0.31389665603637695;1.124443531036377
0.14404982328414917;0.004924297332763672;0.9403834342956543
0.22407299280166626;0.03934192657470703;0.916114330291748
0.028148531913757324;-0.04784250259399414;1.050041675567627
-0.10256344079971313;-0.033293724060058594;0.6986169815063477
-0.21731704473495483;0.021102428436279297;0.19092750549316406
-0.26337265968322754;0.24059057235717773;0.054317474365234375
-0.34328678250312805;0.29298973083496094;-0.04332780838012695
-0.5377539992332458;0.3669734001159668;-0.22295284271240234
-0.5673016309738159;0.3812131881713867;-0.05850982666015625
-0.6268705129623413;0.2834925651550293;0.3162555694580078
-0.6531827449798584;0.09402132034301758;0.6001591682434082
-0.5882537961006165;-0.04691743850708008;1.062225341796875
-0.5460860729217529;-0.23712730407714844;1.2617650032043457
-0.4060761332511902;-0.18457937240600586;0.9025382995605469
-0.2908630669116974;-0.11883926391601563;0.4185452461242676
-0.10350626707077026;0.017345428466796875;-0.07326984405517578
-0.15415069460868835;0.1642436981201172;-0.4520411491394043
-0.36154258251190186;0.14101123809814453;-0.4549574851989746
-0.3968971073627472;0.03442239761352539;0.23514270782470703
-0.3733402490615845;-0.15741395950317383;0.9398641586303711
-0.2722565531730652;-0.026688098907470703;0.4970097541809082
0.3001475930213928;0.4671797752380371;-0.5808515548706055
0.8433429002761841;0.6873559951782227;-0.4507269859313965
1.2230653762817383;0.6326823234558105;0.05285453796386719
1.2209669351577759;0.6484332084655762;-0.32183265686035156
1.1121324300765991;0.6386728286743164;-0.8192129135131836
0.9094894528388977;0.5322670936584473;-0.8451747894287109
0.3811988830566406;0.24966955184936523;-0.46005678176879883
0.15984567999839783;0.20003604888916016;-0.48120641708374023
0.305234432220459;0.28261470794677734;-0.5327024459838867
0.5031143426895142;0.30153846740722656;0.05072641372680664
0.7373194098472595;0.35691118240356445;0.31408071517944336
0.9448392987251282;0.5291671752929688;-0.0079803466796875
0.9400572776794434;0.5688891410827637;-0.2882709503173828
0.7668942213058472;0.415250301361084;-0.4412350654602051
0.6346937417984009;0.2881159782409668;-0.6113567352294922
0.36372342705726624;0.14705944061279297;-0.9293074607849121
0.18675589561462402;0.11552000045776367;-0.8697829246520996
0.10891219973564148;0.19379663467407227;-0.643002986907959
0.09284895658493042;0.1282191276550293;-0.15978622436523438
-0.24488572776317596;0.047063350677490234;-0.006764888763427734
-0.6891767382621765;0.2099752426147461;-0.6584367752075195
-0.7320961952209473;0.5573835372924805;-1.1333260536193848
-0.2276870608329773;0.4859890937805176;0.45978879928588867
0.0131014883518219;0.2616543769836426;1.6554551124572754
0.3507139980792999;0.36354923248291016;1.3530855178833008
0.1811521351337433;0.6962790489196777;0.2639155387878418
-0.2931254506111145;0.32404422760009766;0.506770133972168
-0.9266849756240845;0.05450296401977539;0.2098097801208496
-1.3423027992248535;0.05971670150756836;-0.299898624420166
-1.127395749092102;0.05933713912963867;-0.10160970687866211
-1.0719692707061768;-0.3998222351074219;0.776646614074707
-1.4046906232833862;-0.8155331611633301;1.5806083679199219
-0.28001725673675537;-1.8204636573791504;1.9299769401550293
-0.8876257538795471;-0.1535015106201172;-0.16702985763549805
-0.31593409180641174;0.1658930778503418;-0.6337447166442871
0.27644407749176025;0.574887752532959;-0.44671106338500977
0.5396221876144409;0.45832061767578125;-0.6272106170654297
0.4226136803627014;0.8228874206542969;-0.9380226135253906
-0.12162142992019653;-0.015426158905029297;-0.4284238815307617
-0.5103799104690552;0.29788970947265625;0.0025916099548339844
-0.039080798625946045;1.3665056228637695;0.45606470108032227
-0.2655959129333496;0.12178707122802734;0.0812978744506836
-0.7010130286216736;-0.2150135040283203;-2.065366744995117
-1.399229645729065;0.49657773971557617;0.4197688102722168
0.41488373279571533;-0.47301435470581055;2.347015380859375
0.932619571685791;0.1353158950805664;1.6702423095703125
0.39539635181427;0.6162581443786621;-0.8463282585144043
-0.4365232586860657;0.24605274200439453;-0.6317639350891113
-0.7196156978607178;-0.4151449203491211;0.5017209053039551
-0.2932663559913635;-0.0888528823852539;-0.4462709426879883
1.196749210357666;0.510594367980957;-0.7712254524230957
1.602346420288086;1.1716327667236328;-1.7103233337402344
2.1417226791381836;0.4382205009460449;0.31772947311401367
1.4094027280807495;0.10430431365966797;1.3562002182006836
0.7687994837760925;-0.03639984130859375;0.6056356430053711
0.6008274555206299;0.49832677841186523;-1.3936142921447754
0.10458382964134216;0.7173418998718262;-2.2261736392974854
-1.1719763278961182E-4;0.6007299423217773;-1.0171446800231934
0.035580720752477646;0.6164951324462891;-0.021129131317138672
0.3849111795425415;0.5624308586120605;0.37714147567749023
0.7981436252593994;0.7430181503295898;0.2837843894958496
0.943328857421875;0.836463451385498;-0.3333868980407715
0.927338182926178;0.7340059280395508;-0.7079763412475586
0.7689140439033508;0.533566951751709;-0.53765869140625
0.5295122861862183;0.1843099594116211;-0.31731414794921875
0.3044739365577698;0.010213851928710938;-0.20219945907592773
-0.12264847010374069;0.04095792770385742;-0.35123348236083984
-0.3184592127799988;0.16567373275756836;-0.8402700424194336
-0.2175733745098114;0.3387765884399414;-0.5940823554992676
0.08154372870922089;0.41607666015625;0.6631097793579102
0.044096022844314575;0.12339258193969727;1.6979403495788574
-0.1612757444381714;0.10674428939819336;0.5060491561889648
-0.3350204825401306;0.6047062873840332;-0.6460862159729004
-0.4143286943435669;0.3825526237487793;-0.44989728927612305
-0.5768412947654724;0.2932586669921875;-0.017160415649414063
-0.7110533714294434;0.38071584701538086;-0.4798421859741211
-0.7041337490081787;0.6386890411376953;-1.0490689277648926
-0.7333847284317017;0.7909364700317383;-1.2531752586364746
-0.7068111896514893;0.7830867767333984;-0.514458179473877
-0.7237123250961304;0.6174654960632324;0.31542062759399414
-0.6038783192634583;0.5691637992858887;0.5100712776184082
-0.5708224773406982;0.7279300689697266;0.19639873504638672
-0.6428650617599487;0.7719912528991699;-0.2802700996398926
-0.6791995763778687;0.7779021263122559;-0.5068488121032715
-0.3975435793399811;0.8317608833312988;-0.528228759765625
-0.12348464131355286;0.9151043891906738;-0.5835862159729004
0.06098783016204834;0.8435845375061035;-0.28930187225341797
-0.06255903840065002;0.6500239372253418;-0.4680347442626953
-0.2164803147315979;0.31720829010009766;-0.5082263946533203
-0.10468026995658875;0.2752389907836914;-0.5626959800720215
-0.2784808278083801;0.36188507080078125;-0.9245519638061523
-0.4706318974494934;0.5684075355529785;-1.305168628692627
-0.5680725574493408;0.688300609588623;-1.2625732421875
-0.6880208253860474;0.23628950119018555;0.2982168197631836
-1.238476276397705;0.012645244598388672;1.5649113655090332
-1.4251697063446045;-0.3181443214416504;1.268876075744629
-0.670417070388794;0.22046756744384766;-0.14592552185058594
0.37239277362823486;0.5673694610595703;-0.5008049011230469
0.5348407626152039;0.4519615173339844;-0.14637374877929688
0.21814852952957153;0.1868581771850586;0.19347763061523438
-0.010824739933013916;0.2316126823425293;0.15914392471313477
0.22575902938842773;0.4578571319580078;-0.16205167770385742
0.49486738443374634;0.5366573333740234;-0.11936378479003906
0.5138774514198303;0.4548211097717285;0.17799711227416992
0.3661758303642273;0.3554863929748535;0.1125950813293457
0.3478173613548279;0.530583381652832;-0.15649080276489258
0.0898442268371582;0.48650407791137695;-0.42440080642700195
-0.07886546850204468;0.3237118721008301;-0.3155217170715332
-0.12724459171295166;0.17256832122802734;-0.17710447311401367
-0.049568355083465576;0.0890660285949707;-0.029727458953857422
0.09475624561309814;0.05886125564575195;0.01778697967529297
0.3257964849472046;0.10779714584350586;0.04279613494873047
0.4393541216850281;0.07058191299438477;0.09961080551147461
0.4659656286239624;0.08967876434326172;0.16975736618041992
0.41994714736938477;0.10911846160888672;0.2452855110168457
0.06828266382217407;0.04539012908935547;0.3232555389404297
-0.19732147455215454;-0.07360982894897461;0.2097797393798828
-0.3856067657470703;-0.09239053726196289;0.08959102630615234
-0.5502569079399109;0.10644388198852539;-0.37074708938598633
-0.514521598815918;0.33318424224853516;-0.4043560028076172
-0.4417404532432556;0.3187446594238281;0.9661622047424316
-0.5437657833099365;-0.020786762237548828;1.2551002502441406
-0.6002136468887329;0.26395368576049805;0.16912221908569336
-0.5279016494750977;0.4336080551147461;-0.3003716468811035
-0.4949471354484558;0.3576641082763672;0.18713760375976563
-0.8886217474937439;0.22727155685424805;0.7238039970397949
-1.1373858451843262;0.19635391235351563;0.8513345718383789
-1.10551917552948;0.33196401596069336;0.7561707496643066
-0.7589654326438904;0.4411129951477051;0.7303752899169922
-0.5299959778785706;0.5478272438049316;0.7406010627746582
-0.5862511992454529;0.43239307403564453;0.9488763809204102
-0.7264771461486816;0.23736906051635742;1.1720867156982422
-0.8286364078521729;0.2363753318786621;0.8092718124389648
-0.8748600482940674;0.28591108322143555;0.23418617248535156
-0.8317431211471558;0.3220553398132324;-0.01977396011352539
-0.5146028399467468;0.4213089942932129;0.05326414108276367
-0.21054302155971527;0.43159961700439453;0.010499000549316406
0.06881460547447205;0.4668574333190918;-0.16176509857177734
0.15832361578941345;0.46658992767333984;-0.325228214263916
-0.035619303584098816;0.37724781036376953;-0.47394323348999023
-0.18663668632507324;0.1687164306640625;-0.3962702751159668
-0.1252416968345642;0.06973028182983398;-0.34855127334594727
0.026642516255378723;0.1782379150390625;-0.5493617057800293
-0.14882278442382813;0.13662099838256836;-1.277754306793213
-0.22004911303520203;-0.09624481201171875;-0.30908823013305664
-0.4061293303966522;-0.4404125213623047;0.9105749130249023
-0.5111889243125916;-0.3566718101501465;-0.44527292251586914
0.1940372884273529;0.3228468894958496;-1.7359776496887207
0.9186810851097107;0.6373238563537598;-1.1902527809143066
1.1310667991638184;0.5197820663452148;0.09377288818359375
1.166966438293457;0.4800906181335449;0.5241513252258301
1.298201560974121;0.8639535903930664;0.07822418212890625
1.2133994102478027;0.8325772285461426;0.21182775497436523
0.7018780708312988;0.5718483924865723;0.2882657051086426
0.3225301504135132;0.4222588539123535;-0.11980009078979492
0.34032970666885376;0.4333372116088867;-0.47360706329345703
0.4040810167789459;0.4121665954589844;-0.6397075653076172
0.5320837497711182;0.332150936126709;-0.5916924476623535
0.5673511028289795;0.27514123916625977;-0.4220428466796875
0.5003979206085205;0.16622066497802734;-0.4165534973144531
0.4409380257129669;0.08324670791625977;-0.3922386169433594
0.3912406861782074;-0.02025461196899414;-0.15804815292358398
0.22937998175621033;-0.06024312973022461;-0.013267993927001953
-0.07741919159889221;-0.17589092254638672;0.004817008972167969
-0.5299966335296631;-0.3062596321105957;-0.1536564826965332
-0.8882399201393127;-0.2649965286254883;-0.765937328338623
-0.9037962555885315;-0.005000114440917969;-1.1138949394226074
-0.5440662503242493;0.12798023223876953;-0.005687236785888672
-0.46306002140045166;2.0885467529296875E-4;1.4345660209655762
-0.7239401936531067;-0.14164209365844727;1.1500964164733887
-0.7724555730819702;0.10017585754394531;0.1915898323059082
-0.4109899401664734;0.09598302841186523;0.9652128219604492
-0.6135640144348145;0.025523662567138672;1.3067865371704102
-0.9480013847351074;0.10180091857910156;0.8148016929626465
-0.7952333688735962;0.45150184631347656;0.5692071914672852
-0.49044203758239746;0.5090703964233398;1.07265043258667
-0.3521875739097595;0.546015739440918;1.3940019607543945
-0.2500474452972412;0.5397276878356934;1.5296339988708496
-0.19775390625;0.6312694549560547;1.3856592178344727
-0.23769336938858032;0.7078409194946289;0.9991097450256348
-0.3176020681858063;0.7136435508728027;0.7783102989196777
-0.24902939796447754;0.6052536964416504;0.6815090179443359
0.025343894958496094;0.6248831748962402;0.5740890502929688
0.20942646265029907;0.6912755966186523;0.1754593849182129
0.3170468211174011;0.7376046180725098;-0.2260284423828125
0.2576119303703308;0.6307015419006348;-0.31467342376708984
0.0025041699409484863;0.42544078826904297;-0.43979597091674805
-0.188495934009552;0.27602434158325195;-0.261960506439209
-0.13468027114868164;0.10486555099487305;0.26019763946533203
0.07479166984558105;0.05284261703491211;0.5665421485900879
0.30440840125083923;0.22622203826904297;0.07729578018188477
0.4551582634449005;0.3633279800415039;-0.23435020446777344
0.4264344871044159;0.5166702270507813;-0.7865657806396484
0.18708476424217224;0.43567848205566406;-1.8076095581054688
-0.1758134365081787;0.22480058670043945;-0.9868841171264648
-0.7910517454147339;-0.5075225830078125;0.8431859016418457
-1.1969478130340576;-0.3282737731933594;0.2660698890686035
-0.38840776681900024;0.3870658874511719;-1.303785800933838
0.6414759159088135;0.5987467765808105;-0.8157839775085449
1.116051197052002;0.2631053924560547;0.44727039337158203
1.0259779691696167;-0.09605073928833008;0.8812012672424316
0.9286026358604431;0.1882781982421875;0.011046886444091797
0.8727306723594666;0.4131793975830078;-0.6985616683959961
0.6540658473968506;0.273435115814209;-0.47531604766845703
0.4563414752483368;-0.05051612854003906;0.0808863639831543
0.4015897810459137;-0.16782093048095703;0.2244853973388672
0.5817121267318726;-0.0023851394653320313;-0.23010873794555664
0.9155870079994202;0.12775278091430664;-0.19281721115112305
1.1109338998794556;0.08711767196655273;0.2874326705932617
1.048531413078308;0.046900272369384766;0.1331162452697754
0.7509471774101257;0.03433513641357422;-0.4826679229736328
0.49979543685913086;-0.07309579849243164;-0.6884341239929199
0.3256988227367401;-0.18105554580688477;-0.26204586029052734
0.34719738364219666;-0.18739748001098633;0.16815757751464844
0.21868163347244263;-0.2290949821472168;0.25097227096557617
0.08781974762678146;-0.1029062271118164;-0.41741514205932617
0.12522944808006287;0.2551093101501465;-0.49846792221069336
0.44521981477737427;0.01802206039428711;1.0984563827514648
-0.03207271546125412;-0.27564382553100586;2.126725196838379
-0.3904021978378296;-0.20305681228637695;1.011423110961914
-0.2392997443675995;0.28803491592407227;-0.18011474609375
-0.1571197807788849;0.33893632888793945;0.4180874824523926
-0.6497925519943237;0.11715984344482422;1.2044529914855957
-1.0444552898406982;0.4754924774169922;0.5156335830688477
-0.8900613784790039;1.0908012390136719;-0.04738664627075195
-1.0816794633865356;1.3444876670837402;-0.19880247116088867
-1.134677767753601;1.109710693359375;0.3148689270019531
-1.0106353759765625;0.7336916923522949;1.2238984107971191
-0.9372151494026184;0.38563108444213867;1.5012431144714355
-0.825567901134491;0.16176414489746094;1.4686646461486816
-0.4719955325126648;0.24802398681640625;1.2408385276794434
0.04191488027572632;0.16716289520263672;0.8453731536865234
0.16806787252426147;0.20894336700439453;0.16881752014160156
0.06486904621124268;0.25489377975463867;-0.5638523101806641
0.20275336503982544;0.401857852935791;-1.010340690612793
0.29577919840812683;0.5709371566772461;-1.0999689102172852
0.3927385210990906;0.481353759765625;-0.6093149185180664
0.37560969591140747;0.22553300857543945;0.15068912506103516
0.2627958059310913;-0.04721879959106445;0.3780336380004883
0.3072547912597656;-0.050052642822265625;0.270721435546875
0.38730567693710327;0.02412891387939453;-0.0032052993774414063
0.3694774806499481;0.04137897491455078;-0.13651371002197266
0.4926864802837372;0.006581306457519531;0.08730554580688477
0.33265024423599243;0.4880986213684082;-1.1240391731262207
0.4542851746082306;0.30619382858276367;-1.4675450325012207
0.09327860176563263;-0.5924701690673828;1.3722057342529297
-0.650827169418335;-1.4075322151184082;2.519275665283203
-0.05793371796607971;-0.4189324378967285;-0.5308561325073242
0.8880810737609863;0.7249031066894531;-2.3977699279785156
1.7076243162155151;1.0509061813354492;-1.773261547088623
1.6199837923049927;0.7381362915039063;0.3520975112915039
1.4536851644515991;0.3593411445617676;1.664243221282959
1.6004177331924438;0.5113577842712402;1.5501303672790527
1.1947481632232666;0.8562650680541992;-0.052092552185058594
0.8152925968170166;0.6436400413513184;-0.640833854675293
0.6512202024459839;0.41121912002563477;-0.12058067321777344
0.6339747905731201;0.19628429412841797;0.20248031616210938
0.7786643505096436;0.25080299377441406;-0.21702003479003906
0.9365312457084656;0.3858604431152344;-0.3926234245300293
0.7505850791931152;0.2708396911621094;-0.335390567779541
0.4136103391647339;0.14658069610595703;-0.3636794090270996
0.29225805401802063;0.14461421966552734;-0.3851041793823242
0.42333734035491943;0.04794788360595703;-0.10109663009643555
0.41999301314353943;-0.07917499542236328;0.20888948440551758
0.4063940942287445;-0.15931367874145508;0.2620115280151367
0.4455146789550781;0.06659364700317383;-0.16842269897460938
0.5535425543785095;0.4232444763183594;-0.6371421813964844
0.6327765583992004;0.6668038368225098;-0.6362099647521973
0.8175594210624695;0.5502719879150391;0.27757740020751953
0.26653385162353516;0.48749685287475586;0.9370336532592773
-0.34687870740890503;0.2774505615234375;0.18187189102172852
-0.4509665369987488;0.49422121047973633;-0.711637020111084
-0.2454127073287964;0.5905070304870605;-0.8478450775146484
-0.2290147840976715;0.6632733345031738;-0.8252582550048828
-0.352789044380188;0.7315521240234375;-0.8332881927490234
-0.5698860287666321;0.8357467651367188;-0.6244702339172363
-0.6302171945571899;0.7823343276977539;-0.1964278221130371
-0.6092270016670227;0.8580565452575684;-0.05207204818725586
-0.6304311156272888;0.7939863204956055;-0.044095516204833984
-0.7162716388702393;0.7483072280883789;-0.2151789665222168
-0.7218073606491089;0.8065218925476074;-0.32346439361572266
-0.6106716394424438;0.7707738876342773;-0.2547645568847656
-0.6703212261199951;0.6123337745666504;-0.12317085266113281
-0.5889285802841187;0.5557599067687988;-0.19286108016967773
-0.3837997019290924;0.6840319633483887;-0.4614524841308594
-0.254675030708313;0.649174690246582;-0.5364995002746582
-0.3054094910621643;0.43469905853271484;-0.2941865921020508
-0.553705632686615;0.34324169158935547;-0.31234264373779297
-0.718778669834137;0.3565526008605957;-0.5647239685058594
-0.7420692443847656;0.45766544342041016;-0.5626969337463379
-0.7859741449356079;0.4036750793457031;-0.5532627105712891
-0.7142764329910278;0.09675788879394531;-0.14939308166503906
-0.7059565782546997;-0.30196285247802734;0.556358814239502
-0.5760936737060547;-0.38814496994018555;0.7464790344238281
-0.11980155110359192;0.002154827117919922;0.1781315803527832
0.43184271454811096;0.38980674743652344;-0.3244786262512207
0.9443415999412537;0.5896086692810059;-0.20080089569091797
1.0587067604064941;0.6814284324645996;0.21456384658813477
0.6496397256851196;0.394716739654541;0.39781951904296875
0.17347818613052368;0.2795257568359375;-0.05570173263549805
0.10524988174438477;0.23224353790283203;-0.40389251708984375
0.2656029462814331;0.18748903274536133;-0.36578798294067383
0.2983233332633972;0.037314414978027344;-0.2650771141052246
0.19298982620239258;0.12165307998657227;-0.3265857696533203
-0.10693097114562988;0.307553768157959;-0.6863827705383301
-0.17629152536392212;0.39447641372680664;-0.5259766578674316
-0.2918798327445984;0.2801241874694824;0.30637121200561523
-0.31007394194602966;0.1612715721130371;0.8065333366394043
-0.3587561547756195;0.2112441062927246;0.7880253791809082
-0.30181846022605896;0.17627716064453125;0.7343673706054688
-0.13275927305221558;0.18412351608276367;0.5378537178039551
-0.04626429080963135;0.250429630279541;0.12672090530395508
0.06948184967041016;0.28543567657470703;-0.0844273567199707
0.2415369749069214;0.2629680633544922;-0.09156656265258789
0.27324533462524414;0.1804485321044922;0.016348838806152344
0.1987348198890686;0.08504629135131836;0.18296194076538086
0.09208762645721436;0.09948348999023438;0.22976160049438477
-0.12808775901794434;0.009425640106201172;0.4654712677001953
-0.2629459798336029;-0.08144187927246094;0.8250312805175781
-0.3348579704761505;-0.10252761840820313;0.7043275833129883
-0.3682830035686493;0.03090953826904297;0.3542022705078125
-0.41154229640960693;0.09390735626220703;0.4336562156677246
-0.4157438278198242;0.09669733047485352;0.46526384353637695
-0.22604835033416748;0.24394893646240234;0.4686107635498047
-0.3198655843734741;0.35784292221069336;0.4358491897583008
-0.44006168842315674;0.5121536254882813;-0.1398181915283203
-0.33755582571029663;0.9370412826538086;-0.7391266822814941
-0.16790100932121277;0.9259142875671387;-0.46808862686157227
-0.4000105559825897;0.8105239868164063;0.039264678955078125
-0.8054162263870239;0.7183599472045898;0.14502239227294922
-1.23363196849823;0.8195009231567383;-0.1944270133972168
-1.3699512481689453;0.8776307106018066;-0.68017578125
-1.4299960136413574;0.7743029594421387;-0.46786069869995117
-1.3753291368484497;0.7373461723327637;-0.11450481414794922
-1.0185900926589966;0.7635641098022461;-0.0860905647277832
-0.6630319356918335;0.7596945762634277;0.07988643646240234
-0.512952446937561;0.5980863571166992;0.5514864921569824
-0.5968035459518433;0.48574256896972656;0.7595129013061523
-0.8486990332603455;0.5122933387756348;0.3670930862426758
-1.006464958190918;0.6843156814575195;-0.34395313262939453
-0.9853664636611938;0.9072060585021973;-0.9111943244934082
-0.8628947734832764;1.0920791625976563;-0.9934225082397461
-0.772827684879303;1.0917291641235352;-0.9263796806335449
-0.5676958560943604;1.0896267890930176;-0.6639285087585449
-0.35293814539909363;1.133516788482666;-0.4689788818359375
-0.2895505428314209;1.0605149269104004;-0.48572206497192383
-0.3691479563713074;0.8865489959716797;-0.5322837829589844
-0.4592737555503845;0.6338315010070801;-0.28651857376098633
-0.21707332134246826;0.3959527015686035;-0.20327091217041016
-0.19870427250862122;0.385591983795166;-0.17313194274902344
-0.32899010181427;0.629176139831543;-0.562746524810791
-0.17346912622451782;0.551398754119873;-1.1018190383911133
0.2575826048851013;-0.11562585830688477;0.07736396789550781
-0.1790190190076828;-1.0736403465270996;1.5217905044555664
-0.7846084833145142;-0.9822382926940918;0.039063453674316406
-0.5365592241287231;-0.2310199737548828;-1.4162192344665527
0.10145750641822815;0.1531534194946289;-1.260979175567627
0.39177578687667847;0.03681373596191406;-0.10684347152709961
0.42224547266960144;0.09292793273925781;0.7118058204650879
0.5473166704177856;0.48570919036865234;1.082249641418457
0.766528844833374;0.6822447776794434;1.4580726623535156
0.6930766701698303;0.5105886459350586;1.3889508247375488
0.38690921664237976;0.2759256362915039;0.8402619361877441
0.1025773137807846;0.2414546012878418;0.22633600234985352
0.2549278140068054;0.26188039779663086;-0.26142215728759766
0.3110562562942505;0.28522205352783203;-0.4614114761352539
0.2647000253200531;0.13180971145629883;-0.3343195915222168
0.2650768756866455;0.048508644104003906;-0.12936735153198242
0.356509268283844;-0.008518695831298828;0.09650611877441406
0.37358927726745605;-0.2091073989868164;0.44538116455078125
0.20123276114463806;-0.28360795974731445;0.6242270469665527
0.23782069981098175;-0.2565450668334961;0.42319393157958984
0.2918536067008972;-0.13382768630981445;0.3374752998352051
-0.07919395714998245;0.028346538543701172;0.13351106643676758
-0.009801626205444336;0.19268083572387695;-0.3298473358154297
-0.004993870854377747;0.37255001068115234;-0.4239993095397949
-0.05749437212944031;0.4196481704711914;-0.5231013298034668
-0.5823866128921509;0.5687012672424316;-0.7731599807739258
-0.6274588108062744;0.35614490509033203;-0.46872854232788086
-0.23002858459949493;0.13198518753051758;0.6789078712463379
0.178775817155838;0.14690160751342773;1.1125226020812988
0.06783011555671692;0.6047983169555664;1.0561399459838867
-0.22983194887638092;0.7699007987976074;0.5177621841430664
-0.6543352603912354;1.1174888610839844;-0.15416622161865234
-0.8604896068572998;1.3749580383300781;-0.644134521484375
-0.809637725353241;1.2206377983093262;-0.3989582061767578
-0.4886266589164734;1.1034607887268066;0.053433895111083984
-0.26084741950035095;0.8245720863342285;0.4547872543334961
-0.37578487396240234;0.42880773544311523;0.8492836952209473
-0.6321216225624084;0.04252910614013672;1.0589451789855957
-0.7494749426841736;0.15101861953735352;0.3923349380493164
-0.6931876540184021;0.4491405487060547;-0.4151487350463867
-0.5964651107788086;0.7213177680969238;-0.7565131187438965
-0.5374894142150879;1.0228862762451172;-0.8179540634155273
-0.457965612411499;0.8463563919067383;-0.7126555442810059
-0.22902512550354004;0.928318977355957;-0.6532139778137207
-0.3946659564971924;1.2134318351745605;-0.7166810035705566
-0.8677152991294861;0.9850130081176758;-0.33545398712158203
-0.905494749546051;0.24954748153686523;0.4637603759765625
-0.7347784042358398;0.27083921432495117;0.4786052703857422
-0.801692008972168;0.12551212310791016;0.14358139038085938
-0.7106665372848511;0.32992124557495117;0.05291748046875
-0.4819425344467163;0.2003321647644043;-0.21803951263427734
-0.3252190351486206;0.20415544509887695;-0.3963618278503418
0.015295147895812988;0.271176815032959;-0.13048839569091797
0.10179376602172852;0.1778583526611328;-0.04084014892578125
-0.17629468441009521;-0.17929458618164063;0.0749053955078125
-0.6596856117248535;-0.39586687088012695;-0.16774749755859375
-0.7458949089050293;-0.018382549285888672;-0.32027435302734375
-0.4126373529434204;0.12535715103149414;-0.4835195541381836
0.3263441324234009;0.18329906463623047;-0.18563556671142578
0.5811569690704346;-0.3257722854614258;0.42773914337158203
0.04363119602203369;-0.5684466361999512;0.4783201217651367
0.14328908920288086;-0.12375879287719727;0.3282155990600586
0.8709374666213989;-0.08945703506469727;0.5560369491577148
4.761081695556641;2.1799464225769043;1.901437759399414
1.5344206094741821;-0.3586912155151367;0.17442798614501953
-0.8163967132568359;0.5124998092651367;1.002120018005371
-0.04857230186462402;0.6493849754333496;1.345703125
-0.3220376968383789;0.4403200149536133;1.3966217041015625
-0.22743844985961914;0.3948969841003418;0.7123451232910156
0.5775822401046753;0.39347267150878906;2.06302547454834
0.03004622459411621;-0.5721912384033203;2.2510251998901367
0.023653388023376465;0.1977214813232422;0.9053325653076172
0.4346197843551636;-0.15218019485473633;0.2754507064819336
0.6548813581466675;-0.8501224517822266;0.2643918991088867
1.0729774236679077;-0.7621488571166992;0.27377796173095703
0.714862585067749;-0.6440920829772949;0.41466236114501953
0.9079867601394653;0.0780940055847168;0.4733285903930664
1.262558102607727;-0.2142934799194336;0.4212064743041992
0.8869699239730835;0.2017202377319336;0.36351680755615234
0.027989864349365234;0.12317276000976563;0.6934585571289063
-0.4715571403503418;-0.1852869987487793;0.978541374206543
-0.1407625675201416;-0.3413376808166504;0.5785989761352539
0.8808643817901611;0.4024367332458496;-0.42847681045532227
1.232545018196106;0.5338501930236816;-0.3686251640319824
0.45266807079315186;0.799351692199707;-0.5472269058227539
-0.02934885025024414;1.496077060699463;-0.9443092346191406
-0.30489158630371094;0.8421883583068848;-0.3870983123779297
-0.1937870979309082;0.4067397117614746;0.2889375686645508
0.09901022911071777;0.513465404510498;0.4644026756286621
0.15524005889892578;0.6275119781494141;0.3224797248840332
-0.022356510162353516;0.8925943374633789;0.0814352035522461
-0.2216024398803711;0.993532657623291;-0.12201881408691406
0.1827526092529297;0.8259172439575195;-0.06822061538696289
0.30576908588409424;0.9236483573913574;-0.2220292091369629
0.08487367630004883;1.1607956886291504;-0.44441938400268555
9.11712646484375E-4;0.9281377792358398;-0.4783792495727539
0.4901893138885498;0.9034209251403809;-0.5104465484619141
0.6665489673614502;0.8088345527648926;-0.280580997467041
0.09360933303833008;0.6028122901916504;-0.28902292251586914
0.007862091064453125;0.8077940940856934;-0.5321884155273438
0.17949151992797852;0.8716139793395996;-0.651461124420166
0.1712859869003296;0.5295767784118652;-0.25766849517822266
0.13616132736206055;0.19084882736206055;0.10465764999389648
0.2046586275100708;0.16089963912963867;-0.031247615814208984
0.16190040111541748;0.34946537017822266;-0.2399730682373047
-0.3059951066970825;0.29354238510131836;-2.1646041870117188
-0.23073339462280273;-0.5111513137817383;0.08081960678100586
-0.16883468627929688;-0.24884414672851563;0.43814706802368164
0.24265635013580322;0.03523397445678711;-0.06615877151489258
0.34858763217926025;0.572819709777832;-0.3754448890686035
0.08243298530578613;0.4446291923522949;-0.2605586051940918
-0.1878143548965454;0.2276773452758789;0.17541265487670898
-0.20347344875335693;0.01783466339111328;0.483858585357666
0.0012298822402954102;0.23920345306396484;0.364896297454834
0.15221905708312988;0.4074115753173828;0.3959488868713379
0.05255734920501709;0.41879749298095703;0.5088062286376953
0.13057732582092285;0.3069896697998047;0.5651321411132813
0.006340622901916504;0.16674137115478516;0.9132518768310547
-0.22284328937530518;-0.3204836845397949;1.2675247192382813
-0.0014011859893798828;-0.8500199317932129;1.147477149963379
0.6589847803115845;-0.8111457824707031;0.6583175659179688
0.14021551609039307;0.339785099029541;0.42388486862182617
0.13595402240753174;0.46913957595825195;-0.489321231842041
0.17847073078155518;0.3356308937072754;0.22547483444213867
0.3649424910545349;-0.8502225875854492;0.49639320373535156
0.38712358474731445;-0.8873004913330078;1.101546287536621
0.09356343746185303;-0.2058243751525879;0.4421381950378418
0.48229265213012695;-0.33406639099121094;0.19522714614868164
0.05770409107208252;-0.8616824150085449;-0.19221019744873047
-0.30735158920288086;-0.5865077972412109;-0.1787562370300293
-0.7950440645217896;-0.01179647445678711;-0.1574563980102539
0.45418787002563477;1.868546485900879;0.5030016899108887
0.1654059886932373;1.746274471282959;0.014521121978759766
1.047310471534729;1.0223407745361328;-0.4037508964538574
0.2408396601676941;0.4980125427246094;-0.11920309066772461
-0.6593502759933472;-0.2506709098815918;-0.40659332275390625
-1.066877841949463;-0.2020869255065918;-0.5793161392211914
-1.5737180709838867;-0.048438072204589844;-0.833282470703125
-2.281752347946167;0.402923583984375;-0.2202167510986328
-1.186621904373169;1.1526679992675781;0.5751748085021973
-1.0654925107955933;0.7113628387451172;0.46619176864624023
-0.8258533477783203;1.015310287475586;0.10215377807617188
-0.5019643306732178;1.1565642356872559;-0.28308725357055664
-0.8601359128952026;1.197563648223877;-0.2793569564819336
-0.8334197998046875;0.9175801277160645;-0.27251577377319336
-0.14815235137939453;0.9722399711608887;0.1300368309020996
-0.9096332788467407;0.881587028503418;-0.22217702865600586
-0.6041561365127563;1.1162233352661133;-0.6079006195068359
-0.27984631061553955;1.0320491790771484;-0.720893383026123
-0.3344961404800415;0.6078591346740723;-0.8006043434143066
-0.4063091278076172;0.4015069007873535;-0.534027099609375
-0.3600727319717407;0.5466022491455078;-1.0080780982971191
-0.2349708080291748;0.20725488662719727;-0.6903128623962402
-0.25078678131103516;-0.13008975982666016;-0.6179723739624023
-0.45587337017059326;0.7350564002990723;-0.9496850967407227
-0.6859562397003174;0.6492228507995605;-1.2884974479675293
-0.4240834712982178;0.4708271026611328;-0.8379764556884766
-0.958187460899353;-0.45325708389282227;0.7891569137573242
-0.6712863445281982;-0.48918676376342773;0.6872997283935547
0.2917868494987488;-0.15252017974853516;-0.07323598861694336
0.6753993034362793;0.11753320693969727;-0.3362607955932617
1.0441031455993652;0.6508398056030273;-0.5755982398986816
0.6000710129737854;0.30512523651123047;-0.3843040466308594
0.30020463466644287;0.26446008682250977;-0.21530771255493164
-0.07047843933105469;0.3960838317871094;0.03690481185913086
0.016207337379455566;0.6077976226806641;0.11940956115722656
0.5098822116851807;0.5002641677856445;0.32577085494995117
0.7072607278823853;0.711026668548584;0.15142154693603516
0.5103355646133423;0.5341072082519531;0.35611438751220703
0.2705751657485962;0.5425920486450195;0.44097900390625
0.22219198942184448;0.4211716651916504;0.29222583770751953
0.13916707038879395;0.4413785934448242;0.11198568344116211
0.06158930063247681;0.34361982345581055;-0.08968782424926758
0.18523234128952026;0.3858771324157715;-0.48082399368286133
0.04910629987716675;0.3019533157348633;-0.2127671241760254
-0.1073492169380188;0.10254049301147461;0.011429309844970703
-0.14345455169677734;-0.05012798309326172;-0.14731359481811523
-0.2288491129875183;0.0976715087890625;-0.12471914291381836
-0.37654638290405273;0.1540508270263672;-0.04191112518310547
-0.2043643593788147;0.15718698501586914;-0.025287628173828125
0.13868951797485352;0.7302713394165039;-0.4595651626586914
0.04633355140686035;0.6025023460388184;-0.6355853080749512
-0.47749561071395874;-0.22350120544433594;0.34221458435058594
-0.02791297435760498;-0.16770219802856445;0.37700414657592773
0.3464448153972626;0.5297026634216309;-0.48006439208984375
0.015745103359222412;0.9441466331481934;-0.597557544708252
-0.5572335124015808;0.7847824096679688;-0.36591291427612305
-0.8346079587936401;0.6619596481323242;-0.35053539276123047
-1.1648743152618408;0.602867603302002;-0.4092564582824707
-1.0432201623916626;0.48947858810424805;-0.20468711853027344
-1.128054141998291;0.5635695457458496;-0.27631139755249023
-1.3172035217285156;1.1449036598205566;-0.37070560455322266
-1.9405220746994019;1.589106559753418;-0.1224508285522461
-1.0609805583953857;1.326436996459961;-0.6265521049499512
-1.249894380569458;1.2157330513000488;0.3837442398071289
-0.953902542591095;1.0690598487854004;0.6339502334594727
-0.8303715586662292;1.3118705749511719;0.33863162994384766
-0.5838711261749268;1.4829401969909668;0.04930400848388672
-0.4012770652770996;1.3257360458374023;0.19970989227294922
-0.1654139757156372;1.109428882598877;0.1885528564453125
-0.2701454162597656;1.0171828269958496;-0.11565876007080078
-0.4637293815612793;0.9516997337341309;-0.3602604866027832
-0.5028800964355469;0.8713545799255371;-0.5731339454650879
-0.36227452754974365;0.6633586883544922;-0.7051815986633301
-0.32924437522888184;0.7770786285400391;-1.1082615852355957
-1.0773587226867676;0.5749526023864746;-0.594174861907959
-0.8404722213745117;0.4180889129638672;-0.2234811782836914
-0.364795446395874;0.39268922805786133;-0.048076629638671875
-0.3306679427623749;-0.13442468643188477;0.20771408081054688
-0.6121240854263306;-0.20990419387817383;0.44074249267578125
-0.5942771434783936;0.15053272247314453;-0.16613292694091797
-0.42014920711517334;0.24547815322875977;-0.4302177429199219
-0.405147910118103;-0.17922258377075195;0.18498706817626953
-0.15392273664474487;-0.08191156387329102;0.3955497741699219
0.14732801914215088;0.3962092399597168;0.1242818832397461
0.19849443435668945;0.6702666282653809;0.028717041015625
-0.009494811296463013;0.584723949432373;0.5651588439941406
-0.21742987632751465;0.46896886825561523;0.6777982711791992
-0.39066392183303833;0.3850088119506836;0.6580667495727539
-0.4432293176651001;0.2305622100830078;0.4967803955078125
-0.27085185050964355;0.28376054763793945;0.13943862915039063
0.25387290120124817;-0.3196272850036621;-0.33870744705200195
0.30478960275650024;0.4287528991699219;-1.0745477676391602
-0.4627654552459717;0.21785354614257813;-0.29512786865234375
0.09401333332061768;-0.08661890029907227;0.39574146270751953
0.6508758068084717;-0.4414401054382324;0.5130634307861328
0.33891531825065613;-0.36356210708618164;0.24976444244384766
0.042335569858551025;0.12781953811645508;-0.3460268974304199
-0.14627087116241455;0.3144102096557617;-0.5363373756408691
-0.06891018152236938;0.3111591339111328;-0.4806075096130371
-0.14399796724319458;0.21902036666870117;-0.462460994720459
-0.2818772792816162;0.05840921401977539;-0.46036863327026367
-0.24947774410247803;0.13541221618652344;-0.7868781089782715
-0.019857943058013916;0.4174938201904297;-0.9530797004699707
0.09163433313369751;0.781463623046875;-0.9607133865356445
-0.19487011432647705;1.016362190246582;-0.7140941619873047
-0.5758300423622131;0.9746270179748535;-0.23442554473876953
-0.7989020943641663;1.086491584777832;0.0629434585571289
-0.9171378016471863;1.102341651916504;0.31147003173828125
-1.038794994354248;0.8917446136474609;0.8428258895874023
-1.19595205783844;0.9286236763000488;1.0193586349487305
-0.8786385655403137;1.3070487976074219;0.5126256942749023
-0.7048889994621277;1.725006103515625;-0.09798336029052734
-0.849916934967041;1.7627577781677246;-0.2569551467895508
-1.1101878881454468;1.5883469581604004;-0.3669090270996094
-1.0023289918899536;1.5222091674804688;-0.6354937553405762
-0.8352309465408325;1.2000036239624023;-0.9663128852844238
-0.6072840690612793;1.2708039283752441;-1.3652515411376953
-0.49545717239379883;1.3153877258300781;-1.7556915283203125
-0.6560977697372437;1.2753424644470215;-1.8535771369934082
-0.9054564237594604;1.048205852508545;-1.5236549377441406
-1.1329100131988525;0.8429164886474609;-1.1544222831726074
-1.0825146436691284;0.9426426887512207;-1.0588407516479492
-0.9187551736831665;1.0958495140075684;-1.2234177589416504
-0.7039823532104492;1.3156623840332031;-1.305957317352295
-0.4191375970840454;1.4920334815979004;-1.1771821975708008
0.20586806535720825;1.4050111770629883;-0.9378833770751953
0.8643144369125366;1.2251992225646973;-0.38351917266845703
0.9507783055305481;0.9517755508422852;0.022728919982910156
