-2.287691593170166;-0.11728286743164063;-0.6274316310882568
-2.888981342315674;-0.6440629959106445;-0.5576578378677368
-2.9642820358276367;-0.8447713851928711;-0.35580259561538696
-2.236748218536377;-0.6930646896362305;-0.5567226409912109
-1.4311566352844238;-0.4066162109375;-1.3393869400024414
-1.7943687438964844;-0.4803495407104492;-1.9928514957427979
-2.403602123260498;-1.001962661743164;-1.5885486602783203
-2.15262508392334;-1.4114265441894531;-1.037358045578003
-0.6576993465423584;-1.666712760925293;-1.051640272140503
0.6957780122756958;-1.417860984802246;0.04981064796447754
1.0478358268737793;-1.3076534271240234;-0.6356120109558105
1.4831008911132813;-1.3481202125549316;-0.9665998220443726
3.7188234329223633;-1.3285408020019531;1.1551127433776855
6.626025199890137;-1.1854453086853027;3.140793561935425
12.334251403808594;-0.5176458358764648;6.416652679443359
15.86539077758789;0.5988731384277344;8.202816009521484
13.943994522094727;-2.034616470336914;5.99944543838501
5.729341506958008;0.5096616744995117;3.2499148845672607
4.746271133422852;0.29244518280029297;3.299131155014038
1.5082030296325684;-0.1866617202758789;2.013457775115967
-1.8135566711425781;-0.6887950897216797;-0.07505249977111816
-4.368027687072754;-1.2781777381896973;-1.8788626194000244
-5.7420654296875;-2.3135247230529785;-3.3597147464752197
-7.202238082885742;-2.568410873413086;-4.308007717132568
-8.986709594726563;-3.5607666969299316;-3.8915202617645264
-9.989531517028809;-3.9149270057678223;-3.728667736053467
-10.734615325927734;-4.157355308532715;-4.648693084716797
-11.550538063049316;-4.152912616729736;-5.362928867340088
-11.95291519165039;-4.22960901260376;-5.350254535675049
-11.570210456848145;-3.6930794715881348;-4.132972717285156
-10.316396713256836;-2.8210530281066895;-2.809361457824707
-7.822239398956299;-1.8913655281066895;-1.5643916130065918
-5.369826316833496;-1.0519213676452637;-0.9413427114486694
-3.468062400817871;-0.621035099029541;-0.542134702205658
-1.087946891784668;-0.09255456924438477;-0.5797393321990967
1.2943425178527832;0.15182161331176758;-0.6592962741851807
3.537217140197754;0.3823533058166504;-0.4741658866405487
5.300142765045166;0.0013327598571777344;0.5062882900238037
8.178378105163574;-0.6485443115234375;1.8393781185150146
11.08021354675293;-0.23937225341796875;2.603306770324707
11.249526977539063;-1.622840404510498;2.0881149768829346
11.003890037536621;-1.4103708267211914;1.292885184288025
11.98862075805664;-1.4407081604003906;1.3504829406738281
11.014891624450684;-0.19598960876464844;1.5506354570388794
9.203088760375977;-0.3034248352050781;2.375326633453369
7.201099395751953;-0.02525806427001953;2.332611083984375
4.424893379211426;-0.21474838256835938;1.5818896293640137
1.7378082275390625;-0.6256732940673828;0.3736143112182617
-0.71588134765625;-1.0745034217834473;-0.7445176839828491
-2.939784049987793;-1.2713332176208496;-1.3241612911224365
-5.837352752685547;-2.41262149810791;-2.7598485946655273
-6.990143775939941;-2.504373073577881;-3.4940195083618164
-8.042696952819824;-2.783980369567871;-4.032979488372803
-10.152453422546387;-2.915341377258301;-5.052425861358643
-11.909667015075684;-3.531466484069824;-5.215234756469727
-14.00018310546875;-3.646627902984619;-5.12003231048584
-15.76058292388916;-4.146124362945557;-4.670694828033447
-15.732773780822754;-4.45718240737915;-3.260791540145874
-14.508280754089355;-4.786717414855957;-1.9738972187042236
-7.391256332397461;-1.5269665718078613;0.8060025572776794
-4.683035373687744;-0.9729599952697754;0.6934803128242493
-2.3044986724853516;-0.761439323425293;0.5369114875793457
-0.1736135482788086;-0.6328206062316895;0.7243787050247192
2.1714859008789063;-0.39089202880859375;0.8991659283638
3.9921395778656006;-0.39005136489868164;0.8909446597099304
6.042579174041748;-0.8437895774841309;0.7632903456687927
10.457679748535156;0.04260873794555664;1.0673662424087524
13.5555419921875;0.5853347778320313;0.9300515055656433
14.140348434448242;0.34631824493408203;2.0526726245880127
14.037622451782227;0.25536155700683594;2.6765761375427246
13.278838157653809;1.1777544021606445;1.28242826461792
10.771803855895996;0.6572675704956055;1.4173773527145386
7.901625633239746;0.3811216354370117;2.618098735809326
4.873780727386475;0.1472940444946289;2.929823637008667
2.010383367538452;-0.2084064483642578;1.9898808002471924
-0.07372236251831055;-0.4594907760620117;-0.31097912788391113
-2.205991506576538;-1.2461528778076172;-1.2044413089752197
-3.982076644897461;-1.8591480255126953;-1.0095394849777222
-6.2439045906066895;-2.913689136505127;-1.805721402168274
-8.071028709411621;-3.7376198768615723;-2.9914233684539795
-8.724828720092773;-3.3638195991516113;-3.265091896057129
-10.284682273864746;-3.855916976928711;-2.711527109146118
-11.390647888183594;-3.6565113067626953;-2.069591522216797
-13.467483520507813;-4.292962074279785;-1.6611835956573486
-14.512323379516602;-5.015295028686523;-0.45195525884628296
-14.914424896240234;-5.323936939239502;0.7433528900146484
-13.62838363647461;-5.569231033325195;1.5225274562835693
-7.310591697692871;-1.840146780014038;2.043633460998535
-4.044679641723633;-1.4174635410308838;1.7299153804779053
-1.2109241485595703;-1.0278360843658447;1.4698598384857178
1.2547821998596191;-0.44937801361083984;0.6755132675170898
3.3979692459106445;-0.3606877326965332;0.3152642250061035
6.377229690551758;-0.21986913681030273;-0.5865876078605652
11.885449409484863;0.8483700752258301;-0.8620990514755249
15.949426651000977;0.6444005966186523;-0.7743787169456482
19.160337448120117;0.9710197448730469;0.11517944931983948
21.279895782470703;1.4231843948364258;2.8178205490112305
21.73767852783203;1.1193771362304688;6.327764511108398
20.422365188598633;0.5385007858276367;6.304747581481934
9.8955717086792;0.24709796905517578;3.309976816177368
4.896700382232666;-0.39336538314819336;1.530301570892334
0.9755129814147949;-0.9440793991088867;0.2028484344482422
-2.11899995803833;-2.4651079177856445;-0.780988335609436
-4.822425842285156;-3.076700210571289;-2.528580904006958
-8.59595775604248;-4.073530197143555;-4.321292877197266
-11.896657943725586;-6.080583572387695;-4.299773216247559
-13.613533020019531;-4.28414249420166;-6.361179351806641
-16.69988250732422;-2.0702261924743652;-9.778984069824219
-18.413028717041016;-4.111030578613281;-8.47289752960205
-18.112060546875;-4.057651042938232;-6.8201518058776855
-18.143861770629883;-4.686653137207031;-4.561607837677002
-8.762914657592773;-1.392557144165039;0.7387479543685913
-4.580316066741943;-0.498075008392334;1.060098648071289
-1.2864174842834473;-0.2635159492492676;0.5705500841140747
1.6825475692749023;-0.35360002517700195;-0.2983194589614868
5.466635704040527;-0.35668230056762695;0.3802359104156494
8.894128799438477;-1.2175383567810059;0.9788609743118286
13.020001411437988;0.010528087615966797;1.9925974607467651
14.20950698852539;-1.2792043685913086;1.690861701965332
18.274765014648438;-1.4528889656066895;12.626883506774902
21.38956069946289;-0.01499176025390625;10.234940528869629
22.132356643676758;-0.7729458808898926;8.464231491088867
11.057162284851074;-1.2747149467468262;2.6713707447052
5.439860820770264;-2.520723342895508;1.1795172691345215
0.22371864318847656;-3.0266170501708984;-0.1987779140472412
-3.459649085998535;-4.459309101104736;-1.6430453062057495
-5.576528549194336;-5.261878967285156;-2.8232595920562744
-9.830976486206055;-4.858595371246338;-3.853048324584961
-12.346399307250977;-5.626232147216797;-4.798554420471191
-12.96218490600586;-5.670478820800781;-4.127836227416992
-16.16288948059082;-5.289592266082764;-4.673997402191162
-16.584980010986328;-5.759117126464844;-3.810995578765869
-16.322341918945313;-5.91966438293457;-1.5859529972076416
-16.340118408203125;-6.434697151184082;-0.8677384853363037
-16.634872436523438;-6.795716762542725;-0.49998414516448975
-7.279524803161621;-1.800363540649414;0.47970423102378845
-3.3548402786254883;-1.231152057647705;0.31440848112106323
0.21373939514160156;-1.2530810832977295;0.526265561580658
3.2858948707580566;-1.0752677917480469;0.5990455150604248
6.853392124176025;-0.8891191482543945;0.7820295095443726
9.809131622314453;-1.378603458404541;0.9330160617828369
14.156465530395508;0.15512371063232422;1.4473850727081299
17.361896514892578;-1.0145282745361328;1.836336374282837
19.53887176513672;-1.3466129302978516;2.724130868911743
22.572175979614258;-0.6504526138305664;5.387577056884766
21.85265350341797;-1.0479731559753418;6.79612922668457
9.894423484802246;-1.3448739051818848;4.124579906463623
5.440516471862793;-1.3935694694519043;2.214715003967285
1.4513449668884277;-1.6667571067810059;-0.4360213279724121
-1.3204290866851807;-2.981844902038574;-3.0253381729125977
-3.2531566619873047;-2.615449905395508;-5.465704917907715
-8.711857795715332;-2.534928321838379;-7.776847839355469
-12.740842819213867;-3.98419189453125;-7.631147861480713
-17.722536087036133;-3.6122331619262695;-9.292917251586914
-19.632104873657227;-5.066642761230469;-7.70759916305542
-19.277223587036133;-5.802672863006592;-4.365509986877441
-19.25603675842285;-5.985960960388184;-2.776832103729248
-19.717397689819336;-6.317159652709961;-2.5272397994995117
-7.451395034790039;-1.9430968761444092;0.003864288330078125
-2.256293296813965;-1.6042211055755615;-0.08582592010498047
3.748897075653076;-0.9288029670715332;-0.7094056606292725
9.709698677062988;-1.3775486946105957;6.136894226074219E-4
16.467018127441406;-0.620213508605957;2.6133170127868652
19.62866973876953;-1.079972743988037;5.922029495239258
22.704618453979492;-0.4430546760559082;9.316606521606445
22.75823974609375;0.2615337371826172;9.488428115844727
20.54292869567871;-0.634892463684082;7.819419860839844
7.068509578704834;-1.1188650131225586;1.3490180969238281
2.2244930267333984;-1.718203067779541;-2.0047435760498047
-0.8081343173980713;-2.5469021797180176;-4.90465784072876
-4.771796703338623;-3.197784900665283;-7.3563079833984375
-10.87036418914795;-3.1900320053100586;-9.490184783935547
-14.182899475097656;-3.752776622772217;-9.651615142822266
-18.25754737854004;-4.9209089279174805;-8.21633243560791
-17.80944061279297;-6.655921936035156;-3.913219928741455
-17.74336814880371;-6.761673450469971;-0.7161760330200195
-18.00680923461914;-6.859099864959717;-0.4030427932739258
-8.634090423583984;-2.1859471797943115;0.9652678966522217
-2.023487091064453;-1.4359064102172852;-0.12639641761779785
3.516629695892334;-0.8726096153259277;-0.8389713764190674
9.842222213745117;-0.7591209411621094;-0.9186954498291016
16.5755672454834;0.35954952239990234;0.14023613929748535
23.63262176513672;2.3539814949035645;3.3579158782958984
26.368820190429688;3.4743285179138184;6.608857154846191
25.483898162841797;2.1005210876464844;7.253326416015625
10.137229919433594;-0.9656491279602051;1.7773547172546387
4.3221282958984375;-2.285789966583252;-1.3272576332092285
0.1324000358581543;-2.951397657394409;-4.286893844604492
-4.7055559158325195;-3.783280849456787;-7.466428756713867
-11.990472793579102;-4.348082065582275;-10.772011756896973
-18.87158966064453;-5.387380599975586;-11.270437240600586
-19.54902458190918;-7.419449806213379;-7.132881164550781
-19.21744155883789;-8.988062858581543;-2.188570976257324
-19.467151641845703;-8.340962409973145;0.29051733016967773
-20.08460235595703;-7.4687299728393555;-0.7114963531494141
-4.712150573730469;-2.144120454788208;-0.19960761070251465
1.6204252243041992;-1.5826297998428345;-1.7739970684051514
8.57142448425293;-1.8969287872314453;-1.9829407930374146
17.171977996826172;-0.46394777297973633;-0.2048506736755371
27.34402084350586;3.3228001594543457;4.699602127075195
26.984058380126953;4.94645881652832;8.502386093139648
26.64837646484375;2.0330076217651367;7.006597518920898
9.91018295288086;-0.5282325744628906;0.6807551383972168
4.481316089630127;-1.2413859367370605;-1.8774347305297852
0.6386299133300781;-2.210003137588501;-4.798301696777344
-4.030551433563232;-2.868084192276001;-8.784366607666016
-12.785921096801758;-5.197142601013184;-11.721115112304688
-20.203378677368164;-6.605342388153076;-10.86017894744873
-20.685503005981445;-9.125978469848633;-5.544765949249268
-20.289840698242188;-11.062954902648926;1.0252857208251953
-20.472366333007813;-9.363950729370117;2.197828769683838
-20.990930557250977;-8.401531219482422;-0.026962757110595703
-4.589163780212402;-1.6196544170379639;-0.33727502822875977
1.177687168121338;-0.7900553941726685;-2.0081892013549805
7.091509819030762;-1.2019963264465332;-2.5406875610351563
15.396892547607422;1.4826204776763916;-1.8685686588287354
25.47827911376953;4.928167343139648;0.7553915977478027
27.09858512878418;5.9693603515625;3.718024253845215
25.27695083618164;3.869800567626953;3.668450355529785
10.929935455322266;0.538550853729248;0.24761486053466797
6.160835266113281;-0.32234859466552734;-1.339822769165039
0.9231553077697754;-1.433072566986084;-3.464451551437378
-2.956782817840576;-3.0013375282287598;-5.957363128662109
-9.088979721069336;-4.249079704284668;-8.246146202087402
-12.626253128051758;-5.011569023132324;-9.395427703857422
-13.9283447265625;-5.131919860839844;-8.437780380249023
-16.790218353271484;-6.183290958404541;-7.055933952331543
-16.296483993530273;-7.571358680725098;-4.331515312194824
-16.08113670349121;-8.698773384094238;-0.7056238651275635
-16.321916580200195;-8.801140785217285;1.2947440147399902
-17.10589599609375;-8.605985641479492;-0.2829279899597168
-4.656590461730957;-2.1635520458221436;0.3899632692337036
2.081507682800293;-1.1804629564285278;-1.1770062446594238
8.561371803283691;-1.3845880031585693;-2.989133358001709
16.42169952392578;1.144812822341919;-1.8677842617034912
21.47650909423828;1.4309844970703125;0.425384521484375
26.875661849975586;2.6091699600219727;4.957157135009766
26.682828903198242;2.5574002265930176;8.696508407592773
26.452129364013672;1.0568633079528809;7.826843738555908
8.360138893127441;-1.5756821632385254;0.9211568832397461
2.5956954956054688;-2.493391752243042;-1.8739209175109863
-1.6119139194488525;-4.4557695388793945;-5.5989556312561035
-9.51104736328125;-5.565716743469238;-9.835589408874512
-15.605493545532227;-7.475006103515625;-11.297054290771484
-20.244232177734375;-8.340609550476074;-8.716947555541992
-19.954418182373047;-9.691000938415527;-5.384044170379639
-19.411027908325195;-10.65939712524414;-2.417983055114746
-19.279457092285156;-10.11880111694336;-0.07266736030578613
-19.600967407226563;-10.357430458068848;0.4591546058654785
-20.58568572998047;-9.991943359375;-0.6554539203643799
-5.796694755554199;-2.493159770965576;-0.5163590908050537
0.6541452407836914;-1.681792140007019;-2.646444320678711
6.940808296203613;-2.3013415336608887;-4.365784645080566
15.765941619873047;1.0792216062545776;-2.5699644088745117
23.18624496459961;2.105393409729004;-0.5609673857688904
28.39522933959961;3.9850945472717285;4.009890079498291
28.150516510009766;4.60490083694458;6.99853515625
28.083946228027344;3.436074733734131;9.90375804901123
27.096981048583984;2.2509355545043945;9.874861717224121
6.675402641296387;-0.8591933250427246;2.355457305908203
1.3165779113769531;-2.2961819171905518;-1.4805054664611816
-2.503098964691162;-4.643927097320557;-6.179129600524902
-7.469324588775635;-6.626651287078857;-10.356443405151367
-17.89022445678711;-7.406257629394531;-12.548397064208984
-23.6009464263916;-8.61058521270752;-12.483453750610352
-22.91697120666504;-10.840361595153809;-8.700288772583008
-22.445972442626953;-11.212905883789063;-2.789638042449951
-22.498062133789063;-10.616878509521484;0.27547264099121094
-23.100345611572266;-9.818323135375977;0.6695003509521484
-22.224502563476563;-8.999214172363281;-1.6713147163391113
-0.875178337097168;-1.2230130434036255;-1.6982951164245605
5.346540451049805;-1.2901555299758911;-3.4884214401245117
10.980533599853516;-1.8184778690338135;-3.337258815765381
18.045984268188477;1.3694829940795898;-0.42680561542510986
25.014636993408203;1.6044559478759766;1.4816291332244873
28.108684539794922;2.7035107612609863;7.0280961990356445
27.911014556884766;2.2847580909729004;14.367963790893555
28.002349853515625;1.3358774185180664;15.521705627441406
22.082988739013672;-0.08816409111022949;10.18758773803711
2.2000017166137695;-0.9642186164855957;-1.2673659324645996
-3.0596389770507813;-1.8852710723876953;-7.336167335510254
-12.053525924682617;-2.4485177993774414;-11.357433319091797
-17.977828979492188;-4.197137355804443;-12.559910774230957
-21.880903244018555;-6.608518123626709;-9.062171936035156
-21.531606674194336;-9.121407508850098;-4.539194107055664
-21.46696662902832;-8.096744537353516;-1.819087028503418
-21.893468856811523;-7.50820255279541;-1.797879695892334
-21.54407501220703;-6.923885345458984;-3.458017587661743
-2.148077964782715;-1.3283593654632568;-2.276808023452759
4.17983341217041;-1.4100382328033447;-3.4723856449127197
10.325510025024414;-1.7007174491882324;-3.3488106727600098
17.758825302124023;2.055290699005127;-2.8500030040740967
22.562191009521484;1.9637207984924316;-1.9699196815490723
25.47905158996582;3.596834182739258;2.816471576690674
25.294849395751953;3.692276954650879;6.0045599937438965
25.51004981994629;2.1290340423583984;4.8671674728393555
8.998692512512207;0.49277210235595703;1.4569058418273926
3.980581283569336;-0.3306236267089844;-0.9722328186035156
0.08936786651611328;-1.107719898223877;-3.2692134380340576
-4.119826793670654;-2.8399457931518555;-8.244781494140625
-13.235355377197266;-4.641724586486816;-13.29539680480957
-21.993019104003906;-6.44047737121582;-14.9932222366333
-23.951520919799805;-9.439729690551758;-10.394234657287598
-23.47161102294922;-12.295957565307617;-1.9586873054504395
-23.379051208496094;-10.675633430480957;3.012448787689209
-23.859806060791016;-9.419668197631836;3.063046932220459
-24.501026153564453;-9.497182846069336;0.2638397216796875
-5.166726112365723;-3.2415027618408203;-0.8596171140670776
1.4903359413146973;-2.5916571617126465;-2.2193517684936523
7.844403266906738;-2.987717628479004;-3.523996591567993
15.520408630371094;-0.007969707250595093;-3.585995674133301
25.314716339111328;1.4262248277664185;-2.055814266204834
28.495277404785156;6.269656181335449;1.9830622673034668
28.27122688293457;7.3264546394348145;7.8887176513671875
28.317703247070313;3.6986706256866455;7.95596170425415
25.304353713989258;3.5004334449768066;5.018332004547119
3.7883901596069336;0.5268476009368896;-1.551908016204834
-1.2839131355285645;-0.6942739486694336;-4.708898544311523
-5.60092306137085;-2.804051637649536;-9.577497482299805
-12.43204116821289;-4.357302188873291;-11.207530975341797
-16.559762954711914;-6.882185459136963;-10.286306381225586
-21.85167694091797;-8.879793167114258;-7.945915699005127
-23.005435943603516;-11.082625389099121;-6.03680419921875
-22.298065185546875;-12.509637832641602;-3.4643545150756836
-22.266178131103516;-12.329923629760742;0.3921208381652832
-22.67584800720215;-11.815703392028809;2.972067356109619
-23.761871337890625;-10.529932022094727;1.6081571578979492
-2.7975282669067383;-1.8373814821243286;1.166724443435669
4.203965663909912;-3.374080181121826;-3.135223388671875
12.736939430236816;-3.8251609802246094;-5.227300643920898
24.80535125732422;3.888474225997925;-2.593505382537842
28.94662094116211;6.7447614669799805;2.0939865112304688
28.745479583740234;6.796555995941162;4.774222373962402
28.69817352294922;5.892807960510254;7.208763122558594
25.453819274902344;4.7029128074646;6.168961524963379
3.2556843757629395;0.27752256393432617;-0.5331816673278809
-2.4223062992095947;-0.26427650451660156;-4.323074817657471
-7.288599967956543;-1.8159568309783936;-8.078742980957031
-10.853933334350586;-2.7720787525177;-8.467607498168945
-14.581937789916992;-5.531435966491699;-8.43339729309082
-14.179252624511719;-5.876725196838379;-6.3977952003479
-16.570268630981445;-7.2325825691223145;-5.270647048950195
-16.137622833251953;-8.20124340057373;-2.8518288135528564
-16.013103485107422;-8.44903564453125;-0.4704406261444092
-16.25258445739746;-7.745635509490967;0.26481008529663086
-16.292827606201172;-8.235536575317383;-0.6476147174835205
-4.509089469909668;-1.6693559885025024;0.6394084692001343
0.9949407577514648;-1.0879552364349365;-0.2035738229751587
6.745745658874512;-1.9049819707870483;-2.3730006217956543
12.596006393432617;-1.846785068511963;-4.372438907623291
20.21710968017578;1.129725694656372;-2.4941039085388184
26.653318405151367;1.8667149543762207;1.2960646152496338
27.61294937133789;3.1186695098876953;7.051593780517578
27.485755920410156;2.9629406929016113;9.920783996582031
27.62386131286621;1.5338473320007324;8.064948081970215
8.05554485321045;-0.01112508773803711;1.802659511566162
2.7290701866149902;-0.6374726295471191;-0.9099931716918945
-1.3330755233764648;-1.434079885482788;-3.6580612659454346
-5.811074733734131;-3.4146296977996826;-8.121251106262207
-12.569840431213379;-3.9761760234832764;-10.156018257141113
-17.056625366210938;-5.370173931121826;-9.847234725952148
-22.031944274902344;-5.928729057312012;-8.602035522460938
-21.298198699951172;-6.761101722717285;-6.221017360687256
-21.126497268676758;-6.731278419494629;-2.741291046142578
-21.283105850219727;-7.134823799133301;-0.697434663772583
-22.070587158203125;-7.593093395233154;0.26987171173095703
-5.479467391967773;-2.4303641319274902;0.9042664766311646
1.5028223991394043;-2.339029312133789;-1.4297200441360474
7.414172172546387;-2.876938581466675;-2.8539912700653076
14.802861213684082;-0.9895060062408447;-1.4610018730163574
21.221097946166992;-0.8356304168701172;0.8086493015289307
26.74177360534668;0.6288442611694336;4.593517303466797
26.367042541503906;2.026839256286621;8.11277961730957
26.26656150817871;1.6250653266906738;8.964123725891113
24.28609848022461;0.601628303527832;6.815787315368652
6.1345624923706055;-0.06099224090576172;0.9939203262329102
2.239712715148926;-0.45346975326538086;-1.1327998638153076
-1.1439824104309082;-0.7600297927856445;-2.8402271270751953
-3.647794008255005;-1.5591769218444824;-5.294053077697754
-6.349477291107178;-2.562122344970703;-7.279861927032471
-12.668243408203125;-4.021792411804199;-8.212377548217773
-16.096599578857422;-5.397856712341309;-8.068015098571777
-21.422710418701172;-5.767708778381348;-7.931761264801025
-20.653888702392578;-7.422084808349609;-5.35451602935791
-20.52767562866211;-7.025984287261963;-1.3377602100372314
-20.820415496826172;-6.7212018966674805;0.44478726387023926
-21.360252380371094;-6.574726104736328;-1.2778174877166748
-3.306459426879883;-2.0860304832458496;-1.1842408180236816
2.579942226409912;-1.9709270000457764;-2.138054370880127
7.2170634269714355;-2.867372512817383;-2.380876302719116
14.155016899108887;-1.9435582160949707;-0.24910277128219604
20.48650360107422;-2.1730499267578125;1.9387304782867432
25.997825622558594;-1.151571273803711;4.517822265625
25.59066390991211;-0.6980161666870117;7.464883804321289
25.38747215270996;-0.8672661781311035;9.854368209838867
25.6252384185791;-1.6347408294677734;8.530306816101074
7.030786514282227;-1.1946978569030762;2.3452539443969727
1.7692961692810059;-1.3612542152404785;-0.3080935478210449
-2.204333782196045;-1.4574930667877197;-2.624734401702881
-6.421586036682129;-2.5127358436584473;-6.496403694152832
-12.99647331237793;-3.512073040008545;-9.268204689025879
-16.205110549926758;-4.531089782714844;-8.648102760314941
-21.403005599975586;-4.054156303405762;-7.611227035522461
-22.291688919067383;-5.160324573516846;-6.563570022583008
-21.777894973754883;-6.145832061767578;-3.8932242393493652
-21.652254104614258;-7.157583713531494;-1.3715976476669312
-21.996564865112305;-6.997696399688721;0.30516982078552246
-21.28371810913086;-6.946653366088867;0.151231050491333
-2.8782758712768555;-2.420030355453491;0.13930034637451172
3.2762951850891113;-2.006080389022827;-1.5211825370788574
9.04765796661377;-2.4667513370513916;-2.692732810974121
16.283660888671875;-0.3225531578063965;-2.306286096572876
20.07451629638672;-0.45825767517089844;-1.3194149732589722
23.740232467651367;-0.8090810775756836;0.6315828561782837
25.684967041015625;-0.07929134368896484;4.212846755981445
25.46750259399414;0.5234203338623047;7.476624488830566
25.620258331298828;-0.5930657386779785;8.448905944824219
8.066144943237305;-0.9339118003845215;4.457454681396484
3.5224528312683105;-1.2283496856689453;2.1370625495910645
0.4614443778991699;-0.9895391464233398;-0.0525970458984375
-2.2890491485595703;-1.9587278366088867;-3.6460630893707275
-6.70784854888916;-3.2296063899993896;-8.519359588623047
-13.731204986572266;-3.353008270263672;-9.105710983276367
-18.288957595825195;-5.078743934631348;-7.500062465667725
-22.130842208862305;-5.841409683227539;-5.102537155151367
-21.220502853393555;-7.369680404663086;-2.4943790435791016
-20.88089370727539;-8.316168785095215;0.5423086881637573
-20.92573356628418;-7.931771755218506;2.7397732734680176
-21.50845718383789;-7.361070156097412;2.82273006439209
-7.185445785522461;-1.683199167251587;1.296759009361267
-2.4625635147094727;-1.762397289276123;-0.7447019219398499
3.4771780967712402;-1.276005744934082;-2.351867198944092
10.619919776916504;-1.311882495880127;-3.792428970336914
19.268768310546875;0.2985048294067383;-3.288815975189209
26.71874237060547;1.4820551872253418;-0.8083587288856506
26.53688621520996;2.3923516273498535;3.7559080123901367
26.346755981445313;1.81834077835083;8.051998138427734
26.295846939086914;0.1879749298095703;8.186859130859375
7.882443428039551;-1.3241009712219238;3.6463680267333984
2.5329642295837402;-1.9371085166931152;0.9800000190734863
-1.7723898887634277;-2.5910518169403076;-1.9349243640899658
-5.577735424041748;-3.456272602081299;-5.875125885009766
-13.177183151245117;-4.981649398803711;-9.09373664855957
-18.345535278320313;-6.50370979309082;-9.442185401916504
-21.14295768737793;-6.501609802246094;-6.830943584442139
-20.36234474182129;-6.826300621032715;-4.032589912414551
-20.138092041015625;-6.693342208862305;-1.3382775783538818
-20.187753677368164;-6.544490337371826;0.18065714836120605
-20.711973190307617;-6.931941986083984;0.43900394439697266
-7.903175354003906;-1.6507647037506104;1.5011258125305176
-2.6508445739746094;-1.2647209167480469;0.4103975296020508
3.2002649307250977;-0.7637643814086914;-0.44059160351753235
9.753939628601074;-0.6626617908477783;-1.9171085357666016
17.526674270629883;0.6220903396606445;-1.7892005443572998
24.21696662902832;2.2528133392333984;-0.27651625871658325
26.8309326171875;2.5156474113464355;2.170746326446533
26.643220901489258;2.5969395637512207;5.695832252502441
26.687747955322266;1.9763531684875488;6.655394554138184
9.697081565856934;-1.1840662956237793;3.4657514095306396
3.37564754486084;-2.1705212593078613;1.260974645614624
-1.4065370559692383;-2.587312698364258;-1.3188159465789795
-5.051680564880371;-3.4090657234191895;-4.380799293518066
-11.944459915161133;-4.175839900970459;-7.634060859680176
-20.561460494995117;-5.30647087097168;-9.701728820800781
-22.550315856933594;-7.0467000007629395;-7.9429521560668945
-21.809812545776367;-8.711406707763672;-2.6642961502075195
-21.777706146240234;-7.180242538452148;1.1728270053863525
-22.125730514526367;-6.276434421539307;1.8512935638427734
-8.500751495361328;-1.6741936206817627;0.8607277870178223
-2.9867382049560547;-1.6194462776184082;-1.61936354637146
2.672968864440918;-1.4494085311889648;-2.176462173461914
8.017498016357422;-1.6536152362823486;-2.3963100910186768
14.273632049560547;-0.4305572509765625;0.03266775608062744
19.234403610229492;-0.36536645889282227;1.9102483987808228
24.38782501220703;0.537015438079834;4.165543079376221
25.051794052124023;1.220238208770752;6.924015998840332
25.02947998046875;0.8415093421936035;9.183116912841797
23.08867645263672;-1.3509159088134766;7.334453582763672
4.680530071258545;-1.7165122032165527;1.0392613410949707
-0.23636674880981445;-2.7825417518615723;-1.6519641876220703
-3.257190227508545;-3.9070687294006348;-5.408270835876465
-8.708465576171875;-3.693791627883911;-8.257006645202637
-14.418391227722168;-5.264050483703613;-11.035348892211914
-21.42752456665039;-5.320574760437012;-12.418394088745117
-21.818500518798828;-6.736481666564941;-10.247456550598145
-21.152782440185547;-7.79026460647583;-4.205929756164551
-21.12667465209961;-7.382397651672363;0.3247702121734619
-21.50809669494629;-6.931097030639648;1.5445466041564941
-21.797719955444336;-7.373956203460693;-0.5172030925750732
-3.5987510681152344;-2.3573079109191895;-1.3607313632965088
3.395111083984375;-1.991015911102295;-2.731455087661743
9.80783462524414;-2.7894954681396484;-2.8370630741119385
17.66960906982422;-0.9599943161010742;0.10832066833972931
25.14224624633789;0.6745696067810059;2.4718689918518066
27.098478317260742;2.3797669410705566;4.581782341003418
26.918970108032227;2.904679775238037;6.943880081176758
27.033035278320313;1.2574939727783203;7.065423011779785
24.82870101928711;-0.23462581634521484;5.032618522644043
3.962082862854004;-2.0007829666137695;-0.18608665466308594
-1.4121417999267578;-2.440114736557007;-2.189079761505127
-6.625619888305664;-3.4198460578918457;-5.4951863288879395
-13.647104263305664;-4.509943008422852;-8.11584758758545
-18.398088455200195;-6.454801082611084;-8.220291137695313
-21.51569175720215;-6.752471446990967;-6.144678115844727
-20.615617752075195;-7.783696174621582;-1.6127350330352783
-20.303333282470703;-8.50991439819336;2.325394630432129
-20.438312530517578;-8.325569152832031;4.087310791015625
-20.89682388305664;-8.330500602722168;3.66292667388916
-6.531378746032715;-2.493286371231079;1.4289124011993408
0.44840335845947266;-1.8619270324707031;-0.0756453275680542
7.12348747253418;-2.122518539428711;-1.6574311256408691
15.085457801818848;-0.656395673751831;-1.6730501651763916
23.93006134033203;-0.21082067489624023;-0.2163572907447815
26.6246337890625;2.6907401084899902;3.1370110511779785
26.358535766601563;2.5056443214416504;2.7513484954833984
26.444631576538086;0.9235315322875977;-0.09912538528442383
10.562474250793457;-1.2476296424865723;-1.1827175617218018
3.071565628051758;-2.0700879096984863;-0.679369330406189
-2.0710220336914063;-2.557603359222412;-1.9527772665023804
-6.159078121185303;-3.273360252380371;-5.40608024597168
-12.267864227294922;-4.330698013305664;-6.191207408905029
-16.870716094970703;-5.623648643493652;-5.388887405395508
-20.785539627075195;-6.226637363433838;-3.948610305786133
-20.023963928222656;-8.079914093017578;-1.8573038578033447
-19.346519470214844;-8.747268676757813;2.408186435699463
-19.246185302734375;-8.765275955200195;5.568305015563965
-19.52073860168457;-8.377531051635742;6.321464538574219
-18.31049346923828;-8.52292251586914;4.865530967712402
-2.06341552734375;-1.8407299518585205;1.4691455364227295
4.130764007568359;-2.1785454750061035;-0.9164397716522217
10.696959495544434;-1.7807905673980713;-2.5344109535217285
20.204133987426758;1.3553581237792969;-1.0618109703063965
27.455968856811523;4.131770133972168;1.0341472625732422
27.159536361694336;4.68759822845459;0.875746488571167
27.128765106201172;3.2208642959594727;0.46356093883514404
24.337858200073242;1.638570785522461;2.12127685546875
4.679869651794434;-2.279259204864502;1.7696336507797241
0.28053760528564453;-2.7207231521606445;-0.4592781066894531
-3.0835351943969727;-3.1855640411376953;-2.9195308685302734
-9.177545547485352;-4.540297508239746;-3.660848617553711
-14.070821762084961;-5.711160182952881;-3.7037200927734375
-20.179393768310547;-6.040599822998047;-3.3267970085144043
-20.648054122924805;-6.983731269836426;-2.589128017425537
-19.99893569946289;-7.719661712646484;-0.18257775902748108
-19.862319946289063;-7.55014705657959;2.604079008102417
-20.145401000976563;-7.099343299865723;3.207247734069824
-20.58892059326172;-7.352149963378906;0.7664309740066528
-4.890759468078613;-1.727351188659668;-0.8897709250450134
1.8436293601989746;-1.582080364227295;-0.9345990419387817
7.403770446777344;-2.3980870246887207;0.24445758759975433
14.82822322845459;-1.4007253646850586;0.8501625657081604
25.516075134277344;1.2186412811279297;2.013298511505127
27.4117431640625;2.8428421020507813;3.846627712249756
27.301883697509766;2.841157913208008;3.721101999282837
27.46476173400879;2.668489456176758;1.0856499671936035
9.05333137512207;-1.4755120277404785;-1.1702104806900024
2.9438633918762207;-2.3031601905822754;-1.3281582593917847
-2.4548819065093994;-2.8631882667541504;-3.611262798309326
-8.413311004638672;-3.3474035263061523;-5.379565238952637
-16.490140914916992;-5.3779096603393555;-6.429103374481201
-21.263572692871094;-6.406183242797852;-6.497474193572998
-20.583267211914063;-8.529012680053711;-3.0098652839660645
-20.206382751464844;-8.975672721862793;1.496443271636963
-20.178443908691406;-9.39068603515625;4.641589641571045
-20.477760314941406;-9.67402458190918;4.096577167510986
-8.252259254455566;-3.3216140270233154;1.4216063022613525
-0.17146682739257813;-2.220869779586792;-0.13786768913269043
7.016331195831299;-2.4484081268310547;0.739985466003418
15.643747329711914;-0.3366219997406006;3.3114917278289795
21.783740997314453;-0.037342071533203125;5.386707782745361
26.771337509155273;0.5214762687683105;3.3748490810394287
26.531356811523438;2.8692917823791504;-0.07496786117553711
26.646883010864258;2.8043460845947266;-2.1873867511749268
23.60235595703125;1.801816463470459;-2.599541187286377
4.57768440246582;-0.6425342559814453;-0.8998334407806396
-0.12369060516357422;-0.5208253860473633;-2.412984848022461
-6.447380542755127;-2.199036121368408;-4.941162586212158
-12.028932571411133;-2.9174695014953613;-5.418325901031494
-20.25027847290039;-4.3661041259765625;-6.423460960388184
-22.6970157623291;-5.729212284088135;-5.532195091247559
-22.030776977539063;-6.299056053161621;-2.928102970123291
-21.821897506713867;-7.036787033081055;-0.9243934154510498
-21.94234848022461;-8.240669250488281;2.2087528705596924
-20.905967712402344;-8.859354019165039;6.207665920257568
-1.2139720916748047;-2.8072876930236816;7.2725300788879395
4.740645885467529;-1.1513972282409668;5.632201671600342
7.733993053436279;-0.2528557777404785;5.280941963195801
7.170007705688477;-1.2016260623931885;6.610773086547852
8.94936752319336;-1.892056941986084;5.7744598388671875
17.20438575744629;-0.7142119407653809;0.5983247756958008
25.13968849182129;2.555117130279541;-8.792268753051758
25.051250457763672;4.185980796813965;-12.680379867553711
25.237062454223633;3.5708346366882324;-9.462544441223145
7.73846435546875;-1.1755456924438477;-1.9340386390686035
2.4460325241088867;-2.7606563568115234;-1.1129274368286133
-2.7337472438812256;-3.76255464553833;-2.969491958618164
-9.47258186340332;-5.540598392486572;-4.362697601318359
-15.50253677368164;-6.647496700286865;-4.598043918609619
-21.3946533203125;-8.210702896118164;-5.048846244812012
-20.587961196899414;-9.934504508972168;-3.6757028102874756
-19.772212982177734;-11.369587898254395;-0.8414156436920166
-19.58622169494629;-11.488269805908203;3.2672231197357178
-19.857528686523438;-10.745216369628906;4.4725518226623535
-20.27125358581543;-10.06104564666748;2.0118041038513184
-2.492640495300293;-2.204524040222168;-0.6914017200469971
5.400031566619873;-1.4377707242965698;-1.9532482624053955
13.642234802246094;0.9465711116790771;-0.12889528274536133
21.37226104736328;2.3309078216552734;3.2739932537078857
27.290157318115234;4.281534671783447;3.995614528656006
27.162525177001953;4.934390068054199;5.912270545959473
27.187843322753906;4.094644546508789;7.010778427124023
10.135993003845215;-0.4098196029663086;4.592223644256592
3.8962206840515137;-1.9381694793701172;2.621330738067627
-0.863640308380127;-2.4731507301330566;-0.7364975214004517
-6.075174808502197;-4.46303653717041;-3.627549409866333
-12.493677139282227;-5.489424228668213;-4.142674922943115
-21.84674644470215;-6.714476108551025;-4.933060646057129
-22.10691261291504;-8.750326156616211;-3.741297721862793
-21.541126251220703;-9.570306777954102;-0.3868281841278076
-21.28340721130371;-9.730063438415527;3.502284049987793
-21.51296043395996;-9.56126594543457;6.086087226867676
-21.67961883544922;-9.323685646057129;5.342559814453125
-2.8267345428466797;-2.2391750812530518;1.365432620048523
2.729541778564453;-1.2721748352050781;0.3429126739501953
7.949197292327881;-1.0353946685791016;0.8646978735923767
15.82762622833252;0.5796301364898682;2.282759666442871
25.95549774169922;3.3546786308288574;6.490628719329834
28.02670669555664;5.334789276123047;5.931652069091797
27.931644439697266;5.282625198364258;1.7629272937774658
27.95186996459961;5.158833980560303;1.1759130954742432
8.850869178771973;-0.11039257049560547;-0.20169629156589508
1.7642717361450195;-0.8822841644287109;-2.0399794578552246
-3.489935874938965;-1.3043484687805176;-9.30815315246582
-13.959407806396484;-4.052639484405518;-18.34840965270996
-23.768735885620117;-4.216479778289795;-18.99577522277832
-23.45878791809082;-3.7491259574890137;-19.796865463256836
-18.970735549926758;-4.267979145050049;-21.443037033081055
-13.917940139770508;-6.128408432006836;-18.736995697021484
-3.6131436824798584;-3.2446646690368652;-1.5344648361206055
-1.4729928970336914;-3.571004629135132;5.87325382232666
-2.195429801940918;-3.92897629737854;10.610067367553711
-4.349391937255859;-4.663626194000244;15.185079574584961
-10.914216995239258;-5.709935188293457;20.314451217651367
-14.499929428100586;-7.677703857421875;23.173812866210938
-15.144636154174805;-7.870492935180664;21.811290740966797
-12.982515335083008;-6.6650543212890625;18.206592559814453
-0.37299156188964844;-1.6234533786773682;5.155437469482422
6.878239631652832;-0.40242695808410645;1.8155256509780884
10.920948028564453;0.07330775260925293;-0.2002706527709961
15.309759140014648;2.4684877395629883;-3.929727792739868
23.772912979125977;5.632775783538818;-5.945866107940674
28.09543228149414;10.719949722290039;-8.898377418518066
27.831775665283203;13.9520902633667;-10.803606033325195
27.84914779663086;13.607358932495117;-8.128750801086426
28.109046936035156;10.212857246398926;-3.5167245864868164
9.045257568359375;2.3729305267333984;1.0835977792739868
3.3143978118896484;-1.6960620880126953;2.550321578979492
-0.4277791976928711;-5.2188615798950195;2.9876155853271484
-4.193819999694824;-7.350369453430176;1.8900526762008667
-12.75312328338623;-9.040714263916016;1.9594881534576416
-23.63556671142578;-11.300569534301758;-0.7277952432632446
-22.77975845336914;-13.189156532287598;-1.8121014833450317
-22.58856964111328;-12.345109939575195;-3.8434274196624756
-22.84823226928711;-10.821224212646484;-4.053509712219238
-7.721223831176758;-5.107608318328857;-0.17872405052185059
-0.38266754150390625;-3.3251821994781494;0.09521162509918213
5.216151237487793;-4.003465175628662;0.42404258251190186
12.015972137451172;-4.563000679016113;2.707113265991211
19.02007293701172;-2.4023537635803223;3.523951530456543
25.296428680419922;1.4041895866394043;-0.6047790050506592
26.126615524291992;5.449558734893799;-1.36356520652771
25.753761291503906;8.197025299072266;-2.18837833404541
25.628671646118164;8.152803421020508;-1.1754348278045654
25.826419830322266;5.596501350402832;0.2591547966003418
22.77530288696289;2.439269542694092;2.6313107013702393
3.814751625061035;-0.7202801704406738;3.345273017883301
-1.6816611289978027;-3.1421782970428467;2.98106050491333
-6.22763729095459;-5.761789321899414;2.222729206085205
-13.740346908569336;-6.688157081604004;0.6887906789779663
-21.099227905273438;-8.258687973022461;-1.4757792949676514
-24.124780654907227;-9.106668472290039;-4.0524516105651855
-23.788257598876953;-8.629618644714355;-6.332296371459961
-23.83292007446289;-8.288252830505371;-5.481433391571045
-24.266252517700195;-8.248652458190918;-2.3039743900299072
-4.297515869140625;-3.827575206756592;1.7870862483978271
2.1946191787719727;-3.40742826461792;2.6854946613311768
8.731694221496582;-4.440975189208984;3.588567018508911
18.192062377929688;-3.7509708404541016;5.637894630432129
26.66008758544922;-1.0326175689697266;4.133862018585205
26.038650512695313;4.027297019958496;-0.06510806083679199
25.496000289916992;6.2228264808654785;-2.74838924407959
25.40804100036621;6.980340957641602;-2.285984992980957
25.605928421020508;4.801239490509033;-1.3866530656814575
23.4893856048584;1.4791865348815918;0.2414841651916504
3.78816556930542;-1.3091578483581543;1.9508552551269531
-1.6740875244140625;-5.045395851135254;3.18867564201355
-7.022658348083496;-7.1331939697265625;2.4640233516693115
-15.63809585571289;-5.967769145965576;0.11403787136077881
-22.051959991455078;-7.461025238037109;-0.874988317489624
-23.610218048095703;-7.474492073059082;-1.9563802480697632
-23.371122360229492;-6.955166339874268;-3.641488552093506
-23.504348754882813;-6.9130706787109375;-3.814629554748535
-22.412683486938477;-6.889261722564697;-2.260364532470703
-2.7754030227661133;-3.417384147644043;1.4193425178527832
3.589742422103882;-3.820019483566284;2.5451622009277344
9.543542861938477;-4.288201808929443;2.5685644149780273
18.439577102661133;-3.215956687927246;4.804924011230469
24.84743309020996;1.2248258590698242;2.347339391708374
24.39507484436035;5.337018966674805;-1.4211621284484863
24.198740005493164;6.06026554107666;-2.072521924972534
24.291179656982422;5.007912635803223;-0.7375192642211914
22.89836311340332;1.6019878387451172;0.5525368452072144
4.816263198852539;-0.6192145347595215;1.9223527908325195
-1.6419734954833984;-2.837101459503174;2.4357104301452637
-6.23103141784668;-4.972889423370361;2.5252602100372314
-12.854182243347168;-5.03203821182251;2.4094302654266357
-21.59031867980957;-7.457317352294922;0.9877251386642456
-22.740413665771484;-7.500236511230469;-1.3344330787658691
-22.573162078857422;-6.535029411315918;-2.3624019622802734
-22.730873107910156;-6.935969352722168;-1.6697895526885986
-8.65851879119873;-4.500688552856445;0.5731792449951172
-1.515737533569336;-3.5409598350524902;1.4081108570098877
4.023404121398926;-4.220669746398926;2.268263578414917
12.151857376098633;-3.024949789047241;2.1900129318237305
19.35816764831543;-2.3589916229248047;1.6906700134277344
23.187427520751953;1.7096385955810547;0.341568261384964
22.604825973510742;4.289002418518066;-0.6690741181373596
22.59053611755371;4.167972564697266;-1.449176549911499
22.907304763793945;2.3732709884643555;-0.3535282611846924
9.2367582321167;0.9820561408996582;0.8889583945274353
3.4836559295654297;-1.4520034790039063;2.0467419624328613
-2.281576156616211;-4.026313781738281;2.2541911602020264
-7.695152282714844;-5.674558639526367;2.0517146587371826
-16.045438766479492;-5.9149274826049805;0.15733692049980164
-24.188617706298828;-7.247091770172119;-1.4131652116775513
-23.735546112060547;-6.989912986755371;-3.205747365951538
-23.564613342285156;-6.450675010681152;-4.3327956199646
-23.75531768798828;-6.534188270568848;-3.5612967014312744
-9.119260787963867;-4.220535755157471;-0.22492408752441406
-3.294529914855957;-3.7747879028320313;0.847332239151001
2.322537422180176;-4.724066257476807;2.2075300216674805
7.244742393493652;-4.973797798156738;1.9951128959655762
15.444219589233398;-3.1470582485198975;2.515044689178467
25.924570083618164;-0.9886713027954102;4.096438884735107
25.317646026611328;2.9560742378234863;1.6633576154708862
24.865053176879883;6.419131278991699;-0.9306722283363342
24.903287887573242;5.883641242980957;-1.9258098602294922
25.34546661376953;3.4010353088378906;-0.8732563853263855
8.71467399597168;0.9797916412353516;0.5347025394439697
3.62977933883667;-1.6328225135803223;2.336191415786743
-2.5419745445251465;-3.733062267303467;2.5633459091186523
-7.532902240753174;-5.267228126525879;1.6121562719345093
-14.089546203613281;-6.144121170043945;0.34569793939590454
-21.092676162719727;-8.567261695861816;-0.6991203427314758
-23.292821884155273;-9.239034652709961;-1.7611744403839111
-22.777769088745117;-9.004644393920898;-4.668428897857666
-22.835220336914063;-8.194446563720703;-5.730818748474121
-23.220561981201172;-8.219103813171387;-3.1595168113708496
-5.078500747680664;-4.049361228942871;1.485623836517334
1.1052966117858887;-3.0657544136047363;1.8582091331481934
7.472105026245117;-4.2091875076293945;2.4429261684417725
17.58386993408203;-2.619199275970459;3.914501428604126
26.918190002441406;-0.004840373992919922;3.222743272781372
26.30968475341797;4.514132499694824;0.21065998077392578
25.877607345581055;6.899608135223389;-2.572591781616211
25.848224639892578;6.330949306488037;-1.5677509307861328
26.165447235107422;4.202725410461426;-0.5347411036491394
8.259394645690918;1.621932029724121;0.8933417797088623
2.7904272079467773;-0.8419370651245117;1.9541618824005127
-2.771742343902588;-2.556565761566162;2.206101894378662
-7.756092071533203;-4.109331130981445;2.1530652046203613
-14.844823837280273;-5.205297470092773;-0.08529806137084961
-23.54640769958496;-6.163792133331299;-2.876453399658203
-24.185951232910156;-6.507654190063477;-5.13503885269165
-24.065746307373047;-6.650844573974609;-5.943695068359375
-24.252389907836914;-6.34364128112793;-5.060980796813965
-8.772869110107422;-3.9831056594848633;-0.8427952527999878
-3.0283427238464355;-3.28922176361084;0.9654898643493652
2.0107169151306152;-4.564207553863525;2.540459632873535
9.197858810424805;-4.672924518585205;3.568774461746216
19.116748809814453;-2.7531142234802246;3.7880756855010986
24.734424591064453;1.2376832962036133;2.5645833015441895
24.070707321166992;5.142144203186035;0.7612993717193604
24.03163719177246;5.239567756652832;-0.44442951679229736
24.316814422607422;3.329618453979492;-1.0005507469177246
22.1671142578125;0.5145711898803711;-0.2650274932384491
4.294474124908447;-1.7317776679992676;1.3578420877456665
-0.4498319625854492;-3.21118426322937;2.5880870819091797
-4.865876197814941;-4.953542709350586;2.2085366249084473
-8.542003631591797;-5.793100833892822;1.4156657457351685
-14.256101608276367;-5.748164176940918;-0.592076301574707
-18.615211486816406;-7.695235252380371;-2.0412533283233643
-21.929645538330078;-8.113556861877441;-4.3018388748168945
-21.443374633789063;-8.55530834197998;-5.810232162475586
-21.44452476501465;-8.28603744506836;-6.757290840148926
-21.925569534301758;-7.604059219360352;-5.820711612701416
-7.542083740234375;-2.942394733428955;-0.8755834102630615
-2.697507858276367;-2.5785443782806396;0.04338088631629944
2.862011432647705;-3.0929906368255615;0.7248194217681885
10.0012845993042;-3.3261585235595703;0.582913875579834
17.946319580078125;-2.731921911239624;1.2876030206680298
27.38592529296875;-0.348813533782959;2.1468513011932373
26.682613372802734;3.8932580947875977;-1.524946928024292
26.398435592651367;6.903667449951172;-3.5907418727874756
26.41162109375;6.406253337860107;-1.4142495393753052
26.72085952758789;4.53432559967041;-0.18390169739723206
24.453248977661133;1.9589810371398926;1.6161370277404785
4.00457239151001;-1.4975123405456543;3.6592791080474854
-1.7422165870666504;-3.389669418334961;3.9473235607147217
-6.840845584869385;-5.071904182434082;3.0848093032836914
-13.441635131835938;-6.013856887817383;0.9647574424743652
-19.022296905517578;-7.915493011474609;-1.2408260107040405
-24.0119571685791;-8.350600242614746;-2.9133353233337402
-23.494211196899414;-8.799976348876953;-4.945527076721191
-23.242280960083008;-9.026082038879395;-7.317112445831299
-23.551090240478516;-8.79110050201416;-7.615735054016113
-8.19186782836914;-3.998231887817383;-1.693269968032837
-0.7831287384033203;-3.1471734046936035;0.4306044578552246
4.201179027557373;-4.468593597412109;0.5799533128738403
10.626219749450684;-5.413784980773926;0.1840974986553192
21.665748596191406;-2.381347417831421;3.0965912342071533
26.878238677978516;1.122246265411377;1.2635411024093628
26.457843780517578;5.2584004402160645;-2.6997158527374268
26.163135528564453;8.273813247680664;-4.847689628601074
26.246261596679688;7.609188079833984;-3.4413442611694336
26.529970169067383;4.967339515686035;-1.609546422958374
7.076805591583252;1.105604648590088;0.919579267501831
0.9689116477966309;-2.8006350994110107;4.036429405212402
-3.4323110580444336;-5.199967384338379;4.2612786293029785
-8.187860488891602;-6.84760046005249;3.6993677616119385
-15.980384826660156;-6.503153324127197;0.7206675410270691
-19.596576690673828;-8.017719268798828;0.7977491021156311
-22.939594268798828;-8.218916893005371;-0.1464226245880127
-22.6365909576416;-8.723445892333984;-2.4443678855895996
-22.83618927001953;-8.990702629089355;-2.8489830493927
-22.926546096801758;-8.66496467590332;0.005929470062255859
-1.7769050598144531;-3.8029589653015137;1.89521062374115
5.5767669677734375;-4.015719890594482;2.3396925926208496
11.521150588989258;-4.123076438903809;0.3586018681526184
22.047122955322266;-2.704610824584961;2.71476411819458
25.22890281677246;1.352182388305664;2.686190128326416
24.742673873901367;4.73056697845459;-1.9911388158798218
24.425928115844727;6.759713172912598;-3.78119158744812
24.55964469909668;5.586578369140625;-2.2021379470825195
23.88934898376465;2.5547471046447754;-0.06636667251586914
4.7620673179626465;-0.589777946472168;2.207503080368042
-2.11594820022583;-4.21431303024292;2.769103527069092
-7.939347267150879;-6.370601654052734;2.127861976623535
-13.924054145812988;-5.703173637390137;1.9227075576782227
-20.175823211669922;-7.216989040374756;0.3052537441253662
-23.185956954956055;-7.02828311920166;-1.46853768825531
-22.862934112548828;-7.003200531005859;-2.6412534713745117
-22.97398567199707;-6.871946811676025;-2.9574332237243652
-22.992691040039063;-6.736513614654541;-1.4580318927764893
-5.664385795593262;-4.092593193054199;0.4816150665283203
0.788785457611084;-5.170788288116455;1.0726221799850464
12.540811538696289;-6.321012496948242;1.5875439643859863
23.005027770996094;-3.3405003547668457;4.022850036621094
25.462650299072266;1.037672519683838;1.9325228929519653
25.0028133392334;5.2964019775390625;-2.013765811920166
24.73213005065918;6.30994176864624;-1.8963115215301514
24.881820678710938;4.386418342590332;-0.15599489212036133
23.30261993408203;1.6115403175354004;1.2062859535217285
5.621370315551758;-0.9060835838317871;2.051459789276123
-1.0129356384277344;-3.4959585666656494;2.7120635509490967
-6.618474006652832;-5.94183349609375;2.716038227081299
-13.08591365814209;-6.089430332183838;1.9907939434051514
-18.655961990356445;-6.919071674346924;1.220301628112793
-24.054101943969727;-7.549865245819092;-1.2733417749404907
-23.54608154296875;-7.454615592956543;-4.569196701049805
-23.650239944458008;-7.674628734588623;-4.7170000076293945
-23.97690773010254;-7.20744514465332;-2.5735106468200684
-3.769562244415283;-3.375312566757202;0.9547703266143799
2.3388094902038574;-4.757821559906006;1.4608920812606812
8.807299613952637;-6.27988338470459;1.730194330215454
18.997074127197266;-4.197824478149414;5.4030609130859375
25.79924774169922;-1.5803866386413574;3.9304399490356445
25.18878936767578;2.8537392616271973;0.18926072120666504
24.924274444580078;5.665946960449219;-0.17087507247924805
24.873119354248047;5.648916244506836;7.517337799072266E-4
25.128889083862305;3.5491561889648438;0.9207382202148438
8.035202026367188;1.1653776168823242;1.381833791732788
3.5277857780456543;-1.2769417762756348;3.227999448776245
-1.2424249649047852;-3.737653970718384;4.5831170082092285
-5.815847396850586;-6.565894603729248;4.193558692932129
-11.303972244262695;-7.3247175216674805;0.36015668511390686
-18.73485565185547;-6.783799648284912;-1.214747667312622
-25.409040451049805;-7.867414951324463;-4.151584625244141
-24.88430404663086;-8.370931625366211;-7.888071060180664
-24.718887329101563;-7.807323455810547;-8.737309455871582
-25.082979202270508;-7.225327014923096;-7.100968837738037
-7.021245002746582;-2.914132595062256;0.1963181495666504
0.10782718658447266;-2.8387632369995117;2.314558982849121
5.184103965759277;-4.009825706481934;3.0779948234558105
10.652835845947266;-6.123497009277344;4.351022243499756
22.23300552368164;-5.08790922164917;9.542813301086426
25.427520751953125;1.3245306015014648;8.38094425201416
24.97869873046875;4.983164310455322;6.217728137969971
24.796340942382813;6.606584548950195;3.0469062328338623
24.805328369140625;6.321026802062988;2.0528953075408936
23.702232360839844;3.9336252212524414;3.0779991149902344
6.4913554191589355;1.1647796630859375;0.9123066067695618
0.49022960662841797;-1.5796904563903809;2.0735089778900146
-4.622560501098633;-4.1940531730651855;2.072993516921997
-8.71054458618164;-6.122544288635254;2.188138961791992
-14.698806762695313;-4.945156097412109;-0.08905315399169922
-20.341941833496094;-6.555792808532715;-1.0442535877227783
-23.685531616210938;-6.728515148162842;-2.098546028137207
-23.405628204345703;-6.509198188781738;-4.056480884552002
-23.469799041748047;-6.515681266784668;-3.615222215652466
-22.33993911743164;-6.476418495178223;-2.3155319690704346
-4.423276424407959;-2.67905330657959;0.4713916778564453
1.537276268005371;-2.780634880065918;1.5592015981674194
6.593448162078857;-4.47537088394165;1.5989397764205933
13.936229705810547;-4.501529216766357;3.1718554496765137
26.254749298095703;-1.2597861289978027;3.3515117168426514
25.747604370117188;5.179436206817627;2.313506603240967
25.65511703491211;5.79974365234375;1.1727075576782227
25.789134979248047;6.260430335998535;0.24793601036071777
26.175186157226563;3.498404026031494;1.5677999258041382
23.749305725097656;0.7561631202697754;5.307066917419434
4.927139759063721;-2.0262465476989746;6.1531147956848145
-2.226633071899414;-4.285190105438232;6.345667362213135
-7.083856582641602;-5.361405372619629;5.923357009887695
-11.804363250732422;-5.807024002075195;4.002358436584473
-17.84627342224121;-7.4547295570373535;2.0739614963531494
-25.285205841064453;-9.244803428649902;-0.2514876127243042
-24.579208374023438;-9.95163631439209;-0.8432745337486267
-24.209678649902344;-10.777178764343262;-0.8580880761146545
-24.241838455200195;-10.312675476074219;-0.45112934708595276
-24.60218048095703;-8.703923225402832;0.48017945885658264
-4.8062849044799805;-1.7845642566680908;-2.1408495903015137
0.5286645889282227;-0.7667876482009888;-2.362487316131592
4.698213577270508;-0.727034330368042;-3.7464511394500732
8.142448425292969;-1.123223066329956;-0.8567688465118408
16.14539337158203;-1.3689146041870117;4.374861240386963
27.91822624206543;1.9671196937561035;3.5687384605407715
27.394399642944336;3.2358789443969727;3.9328551292419434
27.316852569580078;3.064426898956299;6.88401460647583
27.455425262451172;3.3207225799560547;5.419285774230957
9.340432167053223;1.6581926345825195;-0.8173043727874756
2.7256240844726563;1.30079984664917;-1.8034107685089111
-3.3414981365203857;-2.122231960296631;-1.1791239976882935
-8.374343872070313;-4.431497573852539;-2.1130409240722656
-14.088407516479492;-5.475780010223389;-5.879448890686035
-18.156635284423828;-8.02908706665039;-7.806589126586914
-20.991592407226563;-10.247374534606934;-9.700986862182617
-20.194095611572266;-12.162501335144043;-7.964939117431641
-20.086036682128906;-12.574104309082031;-2.5331413745880127
-20.451120376586914;-11.551795959472656;0.26239919662475586
-19.78807258605957;-10.207259178161621;-1.2037314176559448
0.3789377212524414;-1.2293567657470703;-0.11596739292144775
5.2611799240112305;-0.9032583236694336;-0.8047235608100891
9.06218147277832;-1.196667194366455;0.37117666006088257
17.656734466552734;-0.4954092502593994;1.8110015392303467
28.202852249145508;1.1285429000854492;0.8862496614456177
27.810585021972656;3.3261618614196777;1.5249743461608887
27.651113510131836;3.224803924560547;4.282466888427734
27.790672302246094;3.532076835632324;3.864546775817871
8.115612030029297;1.1494379043579102;-0.2486720085144043
3.5680766105651855;1.6713905334472656;-0.9248229265213013
-3.658632516860962;-0.7328906059265137;-2.2512459754943848
-10.098136901855469;-2.815072536468506;-4.393425941467285
-15.397459030151367;-4.872232913970947;-6.546877384185791
-23.600200653076172;-6.639250755310059;-9.932764053344727
-22.72520637512207;-9.484891891479492;-11.8164644241333
-22.267108917236328;-11.55478286743164;-7.457788467407227
-22.181671142578125;-11.822301864624023;-1.358683705329895
-22.818693161010742;-10.716230392456055;0.378085732460022
-3.976689338684082;-2.2412869930267334;1.4675018787384033
3.249157428741455;-0.6856753826141357;0.7540215253829956
7.257895469665527;-1.5659427642822266;1.7274054288864136
14.619613647460938;-1.3678367137908936;4.471017837524414
27.014297485351563;-1.44642972946167;5.246221542358398
27.36937141418457;2.266590118408203;0.6114473342895508
27.23406982421875;2.366014003753662;5.214123725891113
27.447668075561523;1.743126392364502;7.435269355773926
7.241880893707275;0.40706777572631836;1.635378360748291
2.859067916870117;0.7375369071960449;0.9998784065246582
-2.17279052734375;-0.565981388092041;-0.2896246910095215
-7.495261192321777;-3.3796868324279785;-2.490140438079834
-13.303935050964355;-4.711840629577637;-5.528952598571777
-17.57815170288086;-7.349235534667969;-6.781976699829102
-21.05502700805664;-8.366471290588379;-8.08946704864502
-20.43423080444336;-9.799437522888184;-7.257824897766113
-19.990816116333008;-11.548547744750977;-4.190040588378906
-19.921785354614258;-12.258305549621582;-0.14371347427368164
-20.471689224243164;-11.8035888671875;2.0095443725585938
-4.993657112121582;-2.8236002922058105;1.9073739051818848
-0.19863414764404297;-0.7988401651382446;-0.7279155850410461
3.8678908348083496;-0.055762529373168945;0.05854743719100952
8.350220680236816;-0.5417571067810059;0.5043436288833618
14.90958309173584;-0.7896313667297363;1.9515011310577393
28.297466278076172;0.41692018508911133;1.5645949840545654
27.85680389404297;5.368385314941406;-0.21481645107269287
27.830352783203125;6.149766445159912;2.360607624053955
28.0882568359375;4.612834453582764;2.9377036094665527
4.437324047088623;0.0712881088256836;1.8160972595214844
2.0270934104919434;0.5211296081542969;0.9472194910049438
-2.8901877403259277;-1.3392343521118164;-0.34396421909332275
-8.145953178405762;-3.6843981742858887;-1.1132944822311401
-12.727068901062012;-5.937956809997559;-2.4472224712371826
-16.4915714263916;-8.122991561889648;-3.988769054412842
-19.09550666809082;-9.968509674072266;-4.52492618560791
-18.387920379638672;-11.960088729858398;-1.9516723155975342
-18.125751495361328;-12.92290210723877;2.808077096939087
-18.3675594329834;-11.64908218383789;6.292754173278809
-7.897710800170898;-2.9013404846191406;3.5340943336486816
-0.8608255386352539;-0.8904684782028198;-0.8110761642456055
3.759049892425537;0.381453275680542;-1.2051455974578857
6.795383453369141;0.15088129043579102;-0.025641221553087234
12.1627779006958;-2.124937057495117;1.1664806604385376
24.506938934326172;-1.3694002628326416;-0.15630875527858734
27.01209259033203;3.2649431228637695;-3.9408273696899414
26.809785842895508;2.250399589538574;-1.2578507661819458
26.97010040283203;1.331834316253662;3.6486330032348633
7.7050862312316895;-0.6033225059509277;2.602844476699829
2.363445281982422;-0.3701143264770508;1.0471043586730957
-1.233187198638916;-0.14142274856567383;-0.002261519432067871
-5.441191673278809;-2.6710667610168457;-0.5829781889915466
-10.122209548950195;-4.474394798278809;-2.023745059967041
-15.247092247009277;-7.555276393890381;-4.578039646148682
-21.415117263793945;-9.032533645629883;-6.267919540405273
-20.612167358398438;-10.167098999023438;-3.563793897628784
-20.051250457763672;-11.700505256652832;-1.028822898864746
-20.014822006225586;-11.736532211303711;2.441990852355957
-20.359708786010742;-10.640066146850586;4.942692756652832
-6.66408634185791;-2.334317445755005;3.6324267387390137
-1.3855228424072266;-1.0784268379211426;1.9356021881103516
4.233523368835449;-0.8299901485443115;1.0052554607391357
8.250442504882813;-1.2152321338653564;1.1167144775390625
12.745677947998047;-2.4353647232055664;1.0005518198013306
26.861156463623047;-0.6472353935241699;-1.4147276878356934
26.395509719848633;3.8519721031188965;-3.065312385559082
26.333820343017578;2.8820509910583496;0.9435226321220398
24.073060989379883;1.5815973281860352;2.662468910217285
3.407625675201416;-1.0550408363342285;0.6917588710784912
-0.833986759185791;-1.0626864433288574;-1.5731728076934814
-5.595160484313965;-2.1306815147399902;-2.881784677505493
-10.736079216003418;-3.227473258972168;-4.863331317901611
-17.565690994262695;-3.4595179557800293;-7.769773006439209
-20.75653839111328;-4.978226661682129;-8.94200325012207
-20.16403579711914;-7.096179962158203;-6.942189693450928
-19.897037506103516;-8.14632511138916;-0.9754349589347839
-19.99759864807129;-8.39115047454834;4.743310451507568
-19.937150955200195;-8.360939025878906;5.923091411590576
-1.8430051803588867;-2.27486515045166;4.978679656982422
4.093895435333252;-2.2914366722106934;2.621962547302246
8.201412200927734;-2.951923370361328;2.0558595657348633
16.12383460998535;-2.1458585262298584;2.3663926124572754
27.267120361328125;0.04170799255371094;0.11000114679336548
26.776535034179688;2.853206157684326;-3.552027940750122
26.785898208618164;1.9799580574035645;-1.1624597311019897
26.157535552978516;0.6651053428649902;1.5276076793670654
3.787191390991211;-3.03299617767334;2.8839666843414307
-0.16294479370117188;-2.1858315467834473;1.1844401359558105
-4.843441009521484;-3.0917229652404785;-0.8056477308273315
-10.032269477844238;-3.1286258697509766;-2.790438652038574
-16.524934768676758;-4.568880558013916;-6.38653564453125
-20.41281509399414;-5.698981761932373;-9.831098556518555
-19.712661743164063;-7.664632797241211;-8.03196907043457
-19.592971801757813;-8.475449562072754;-2.6065263748168945
-19.81983757019043;-8.10493278503418;1.1567699909210205
-8.584118843078613;-2.4966187477111816;2.7471208572387695
-0.534327507019043;-1.1418483257293701;1.316548466682434
4.055036544799805;-2.0437171459198;2.958815336227417
6.785645008087158;-3.6561384201049805;2.9089107513427734
14.012887954711914;-3.2334060668945313;4.271934509277344
26.924745559692383;-1.951188087463379;4.014091968536377
26.2694034576416;0.9863014221191406;3.571577787399292
26.271724700927734;-0.11162137985229492;6.716636657714844
24.94905662536621;0.28171396255493164;4.736069679260254
5.264101505279541;-0.05777263641357422;-0.277384877204895
0.27754640579223633;1.1360092163085938;-1.8684440851211548
-6.198553085327148;0.01802825927734375;-1.5597856044769287
-10.1292724609375;-0.5871219635009766;-1.80929696559906
-13.915966033935547;-2.1466803550720215;-2.2680768966674805
-18.565841674804688;-3.609793186187744;-2.146358013153076
-20.030826568603516;-6.204726219177246;-0.14545944333076477
-19.523988723754883;-8.699532508850098;2.6545774936676025
-19.301525115966797;-10.031595230102539;4.233184814453125
-19.570175170898438;-8.812325477600098;5.300191879272461
-6.103519439697266;-2.676819324493408;2.4417967796325684
0.7150168418884277;-1.7470471858978271;0.7177437543869019
5.149169921875;-2.849182367324829;0.027342677116394043
16.055736541748047;-3.023329496383667;-0.49703872203826904
27.087608337402344;-0.7046065330505371;3.825357437133789
26.4881649017334;-1.0323028564453125;9.061138153076172
26.347776412963867;-2.1491756439208984;13.614375114440918
22.74008560180664;-1.0017762184143066;11.682267189025879
4.123686790466309;1.2510170936584473;-2.6328012943267822
-1.9483983516693115;1.4816031455993652;-6.211885929107666
-7.050824165344238;0.4849233627319336;-5.685478210449219
-10.532837867736816;-0.5601420402526855;-4.34096622467041
-13.49339771270752;-1.7395095825195313;-3.717172622680664
-17.13357162475586;-3.1988115310668945;-4.178761005401611
-11.436820983886719;-3.0224814414978027;-3.217275619506836
-5.503870487213135;-2.595125675201416;-3.031320810317993
-0.22542381286621094;-1.654271125793457;-4.113656044006348
5.506565570831299;-0.5340380668640137;-5.078557014465332
13.31670093536377;-0.4060993194580078;-2.2481086254119873
20.41182518005371;0.6039152145385742;3.5250396728515625
19.758485794067383;-1.0842657089233398;9.142577171325684
19.249025344848633;-0.5816488265991211;10.629002571105957
15.269914627075195;0.6616048812866211;6.37540864944458
1.6362369060516357;2.228320598602295;1.220630168914795
-2.092207908630371;1.5880451202392578;0.4909377098083496
0.9018452167510986;8.895370483398438;-16.049165725708008
2.467496156692505;3.537416458129883;-4.7988739013671875
3.104863166809082;2.5419187545776367;-1.1124738454818726
4.952849864959717;2.548696517944336;-1.4836299419403076
4.095193862915039;2.8085975646972656;-3.289133310317993
0.9643721580505371;1.871175765991211;-4.839749813079834
-3.8298511505126953;0.16367149353027344;-4.279430866241455
-8.49968147277832;-2.4672799110412598;-0.6834049224853516
-16.64710235595703;-6.830524444580078;3.13576340675354
-21.41075325012207;-10.198415756225586;7.125617980957031
-20.377077102661133;-10.253559112548828;9.016744613647461
-7.28032112121582;-7.204093933105469;4.919704914093018
0.5546574592590332;-4.4701690673828125;2.586080551147461
7.607127666473389;-0.9690971374511719;-0.5061545372009277
11.98409652709961;1.475412368774414;-1.9381389617919922
20.06053352355957;5.103573799133301;-1.3151969909667969
19.898502349853516;6.979521751403809;-2.316284418106079
18.066659927368164;5.534238815307617;-1.8243911266326904
7.651294231414795;3.672182083129883;0.3475806713104248
0.856776237487793;0.5221953392028809;-0.01744675636291504
-3.6261489391326904;-1.0257329940795898;-1.369533658027649
-7.05024528503418;-2.645261764526367;-1.4944499731063843
-11.43628978729248;-4.161818504333496;-3.1639697551727295
-15.213994026184082;-5.149514675140381;-5.202570915222168
-15.85323715209961;-5.912867069244385;-5.368416786193848
-17.097230911254883;-5.72100305557251;-5.6431732177734375
-11.911654472351074;-4.456877708435059;-4.135246753692627
-7.30037260055542;-4.0543012619018555;-1.8328304290771484
-3.6620845794677734;-3.4301626682281494;-0.4448065757751465
0.9169301986694336;-3.3974995613098145;-0.1939297914505005
8.148904800415039;-2.035952568054199;0.21965456008911133
17.01310157775879;-1.8762269020080566;4.679513931274414
23.036001205444336;0.7578096389770508;6.761551856994629
22.447906494140625;3.7346620559692383;5.802052021026611
22.393091201782227;3.4750452041625977;4.148069381713867
19.882572174072266;2.383096694946289;2.6739940643310547
6.750365734100342;1.8674030303955078;0.7633202075958252
2.3208818435668945;0.45652008056640625;-0.025432109832763672
-1.7174537181854248;-0.539391040802002;-0.8112001419067383
-5.780735015869141;-1.4939231872558594;-1.4143033027648926
-10.595998764038086;-2.954618453979492;-2.0757296085357666
-15.08990478515625;-4.429812908172607;-3.35142183303833
-21.361766815185547;-5.120150566101074;-7.059908866882324
-21.044958114624023;-5.484762668609619;-8.386329650878906
-20.708215713500977;-5.434173583984375;-6.944443225860596
-7.360803604125977;-4.005058288574219;-2.081047534942627
-1.76054048538208;-3.376634359359741;-0.3200953006744385
4.716982841491699;-2.9212260246276855;0.3709750175476074
15.421046257019043;-1.1775751113891602;4.348879814147949
19.058584213256836;0.8671464920043945;5.938976287841797
11.893553733825684;1.0695323944091797;2.412909507751465
8.5999755859375;1.3116960525512695;1.4375240802764893
7.166291236877441;1.718317985534668;1.272470474243164
5.205716609954834;1.5324678421020508;0.894822359085083
1.65936279296875;0.9281415939331055;-0.40337443351745605
-0.9495968818664551;0.38030147552490234;-1.3319144248962402
-1.3679606914520264;0.050701141357421875;-0.878676176071167
-0.9600611925125122;-0.03464794158935547;-0.5294609069824219
-0.774234414100647;-0.049102783203125;-0.09652924537658691
-1.0640149116516113;-0.22311687469482422;-0.022799253463745117
-0.9913210868835449;-0.09672069549560547;-0.30744004249572754
-0.5681943893432617;0.038616180419921875;-0.6039137840270996
0.13247942924499512;0.2605628967285156;-0.644791841506958
0.1260395050048828;-0.02952098846435547;-0.1490321159362793
-0.13608002662658691;-0.24786663055419922;-0.16424822807312012
0.031557559967041016;0.06319427490234375;-0.2191314697265625
0.14360976219177246;0.12493038177490234;-0.03465628623962402
0.44104647636413574;0.09680461883544922;0.3045370578765869
1.0233466625213623;0.9839611053466797;-1.7439287900924683
0.93912672996521;-0.10942363739013672;0.14101767539978027
-0.5805927515029907;-0.056217193603515625;0.2689683437347412
0.16236257553100586;0.18216800689697266;1.0727689266204834
0.3888111114501953;0.30039119720458984;0.7669570446014404
0.2735893726348877;0.4233579635620117;0.5352694988250732
-0.13365507125854492;0.11324787139892578;0.4263596534729004
-0.18820810317993164;0.3219900131225586;0.04428529739379883
-0.253739595413208;0.4639167785644531;-0.38355517387390137
-0.32738757133483887;0.41544628143310547;-0.1527395248413086
-0.7741279602050781;0.23514366149902344;-0.37387847900390625
-0.865585446357727;-0.0905447006225586;-0.07637929916381836
-0.5653694868087769;-0.17800617218017578;0.236008882522583
-0.6082139015197754;0.05823230743408203;-0.32808852195739746
-0.4802999496459961;-0.23729991912841797;0.2580277919769287
-0.5090469121932983;-0.3958740234375;0.8376390933990479
-0.3302273750305176;-0.17075347900390625;0.505664587020874
-0.5791709423065186;0.025719642639160156;0.004389762878417969
-0.6501798629760742;-0.20987224578857422;0.6674234867095947
-0.2683206796646118;-0.80859375;1.420952320098877
0.9287165403366089;0.8198432922363281;-1.9559733867645264
-0.617671012878418;-0.1954975128173828;-1.5932495594024658
-1.5657800436019897;-0.883631706237793;1.3706181049346924
-0.28108716011047363;0.11796760559082031;3.1657474040985107
-0.35981619358062744;-0.15664005279541016;2.5250284671783447
-0.7765303254127502;-0.33339405059814453;1.852431058883667
0.175628662109375;0.26259708404541016;1.4428884983062744
-0.07275664806365967;0.14354896545410156;1.1873631477355957
1.3454372882843018;0.5955848693847656;-0.4953761100769043
-0.4589163064956665;0.3881540298461914;-2.5187768936157227
-1.2328739166259766;-0.23389816284179688;0.22569918632507324
-0.5183529257774353;-0.5878677368164063;2.653392791748047
-0.25880324840545654;-0.016082763671875;1.4559035301208496
-0.44365328550338745;-0.18839073181152344;1.0666861534118652
-0.005329728126525879;-0.18787765502929688;0.7350811958312988
-0.16937685012817383;0.36922264099121094;-1.0429372787475586
-0.2303791046142578;0.2576255798339844;-1.1546893119812012
-0.23000168800354004;-0.04284381866455078;-0.6921141147613525
-0.4815738797187805;-0.27366065979003906;-0.20587825775146484
-0.5431225895881653;-0.4629182815551758;1.2235679626464844
0.2954444885253906;0.07342910766601563;0.8910751342773438
-0.16794663667678833;-0.13947677612304688;0.5457768440246582
0.25618624687194824;-0.02278423309326172;0.6389560699462891
-0.06289076805114746;0.15177631378173828;0.07568550109863281
-0.193107008934021;0.21428871154785156;0.05385017395019531
0.991341233253479;0.49759769439697266;-1.0895593166351318
0.10084295272827148;0.6290493011474609;-1.2101976871490479
-0.15193593502044678;-0.10242080688476563;1.2442946434020996
-0.37812989950180054;0.0887441635131836;0.41624021530151367
-0.2866591811180115;-0.15357112884521484;0.6588482856750488
-0.2116001844406128;-0.11584281921386719;0.6817793846130371
-0.24378621578216553;-0.005664825439453125;0.3282008171081543
-0.22117900848388672;0.21929454803466797;0.007361412048339844
-0.19008660316467285;0.23296260833740234;-0.06599569320678711
-0.058503031730651855;0.09355449676513672;0.15409088134765625
0.1478264331817627;-0.07749462127685547;0.24775934219360352
0.17967236042022705;0.2409210205078125;-1.335573673248291
0.04762578010559082;0.3225851058959961;-2.205040216445923
-0.6591848731040955;-0.3486356735229492;-0.5390894412994385
-1.1017626523971558;-0.5662145614624023;1.6478958129882813
0.04753541946411133;-0.4526681900024414;1.7182888984680176
-0.2449357509613037;-0.10443687438964844;0.8969430923461914
0.22807633876800537;0.20153236389160156;0.5206942558288574
0.22121202945709229;0.35146236419677734;0.0019812583923339844
0.30880749225616455;0.41218090057373047;-0.21376419067382813
-0.04610335826873779;0.259918212890625;-0.2577681541442871
-0.25721949338912964;0.09889507293701172;-0.1631178855895996
-0.4102224111557007;0.05635643005371094;-0.0654458999633789
-0.5244652032852173;-0.0294189453125;0.07476282119750977
